     0/299     4.64G   0.03756   0.01992         0   0.05749        37       640     0.802    0.6629    0.7551     0.477   0.03666   0.01463         0
     1/299     4.65G   0.03823   0.02032         0   0.05855        41       640    0.7864    0.6675    0.7521    0.4775   0.03681   0.01465         0
     2/299     4.65G     0.039   0.02059         0   0.05959        15       640    0.7892    0.6591    0.7457    0.4671   0.03711   0.01489         0
     3/299     4.65G    0.0396   0.02098         0   0.06058        51       640    0.8175    0.6409    0.7474    0.4712   0.03697   0.01473         0
     4/299     4.65G   0.03961   0.02103         0   0.06064        37       640    0.8069    0.6478     0.749    0.4728   0.03702   0.01482         0
     5/299     4.65G   0.03949   0.02104         0   0.06054        36       640    0.7896     0.665    0.7492    0.4722   0.03701   0.01479         0
     6/299     4.65G   0.03949   0.02099         0   0.06048        37       640      0.78    0.6625    0.7439    0.4687    0.0372   0.01486         0
     7/299     4.65G   0.03948   0.02096         0   0.06044        39       640    0.7726    0.6756    0.7478    0.4707   0.03727   0.01475         0
     8/299     4.65G    0.0394   0.02093         0   0.06033        16       640    0.7918    0.6606    0.7474    0.4686   0.03724   0.01479         0
     9/299     4.65G   0.03941   0.02096         0   0.06037        16       640    0.7986    0.6549    0.7477    0.4706   0.03708   0.01483         0
    10/299     4.65G   0.03948     0.021         0   0.06047        28       640    0.8022    0.6591    0.7502    0.4698   0.03706   0.01478         0
    11/299     4.65G   0.03952   0.02099         0   0.06051        19       640    0.7756    0.6726    0.7497     0.471   0.03707   0.01476         0
    12/299     4.65G   0.03934   0.02094         0   0.06028        29       640    0.7893    0.6672    0.7507    0.4707   0.03708   0.01477         0
    13/299     4.65G   0.03931   0.02096         0   0.06027        19       640     0.778     0.668    0.7483    0.4693   0.03714   0.01482         0
    14/299     4.65G   0.03931   0.02097         0   0.06028        23       640    0.7735    0.6688    0.7467    0.4663   0.03737   0.01489         0
    15/299     4.65G   0.03944   0.02083         0   0.06027        53       640    0.7981    0.6555    0.7497     0.469   0.03715   0.01483         0
    16/299     4.65G   0.03936   0.02095         0   0.06031        48       640    0.8001    0.6553    0.7466    0.4689   0.03718   0.01487         0
    17/299     4.65G   0.03941   0.02091         0   0.06032        17       640    0.7718    0.6725    0.7486    0.4698   0.03703   0.01483         0
    18/299     4.65G   0.03935   0.02084         0   0.06019        30       640    0.7786    0.6677    0.7485    0.4689   0.03712   0.01482         0
    19/299     4.65G    0.0393   0.02092         0   0.06022        42       640    0.7897     0.661    0.7509    0.4721   0.03713   0.01477         0
    20/299     4.65G   0.03921   0.02083         0   0.06003        49       640    0.7754    0.6739    0.7499    0.4708   0.03712   0.01474         0
    21/299     4.65G   0.03925   0.02082         0   0.06007        32       640     0.788    0.6614    0.7502    0.4697   0.03723   0.01481         0
    22/299     4.65G   0.03922   0.02075         0   0.05997        31       640     0.784    0.6675     0.753     0.471    0.0371    0.0148         0
    23/299     4.65G   0.03926   0.02089         0   0.06015        34       640    0.7821    0.6703    0.7528    0.4723   0.03709   0.01475         0
    24/299     4.65G   0.03925   0.02085         0   0.06011        20       640    0.7723     0.678    0.7526    0.4712   0.03707   0.01481         0
    25/299     4.65G   0.03926   0.02086         0   0.06011        20       640    0.8032    0.6513    0.7516    0.4697   0.03709    0.0148         0
    26/299     4.65G    0.0392   0.02079         0   0.05999        16       640    0.7896    0.6642    0.7498    0.4708   0.03707   0.01481         0
    27/299     4.65G   0.03919   0.02085         0   0.06004        27       640     0.786    0.6655     0.749    0.4707   0.03691   0.01481         0
    28/299     4.65G   0.03911   0.02089         0      0.06        31       640    0.7957    0.6588    0.7528    0.4738   0.03691   0.01476         0
    29/299     4.65G   0.03913   0.02079         0   0.05993        36       640    0.7823    0.6658    0.7507    0.4722   0.03697   0.01473         0
    30/299     4.65G   0.03907   0.02071         0   0.05978        23       640    0.7801    0.6695    0.7507    0.4728   0.03704   0.01478         0
    31/299     4.65G   0.03914   0.02078         0   0.05992        20       640    0.7873    0.6641    0.7491    0.4714   0.03704    0.0147         0
    32/299     4.65G   0.03913    0.0208         0   0.05993        15       640    0.7819    0.6665    0.7501    0.4713   0.03716    0.0147         0
    33/299     4.65G   0.03904   0.02075         0   0.05979        37       640    0.7939    0.6647    0.7528    0.4714   0.03714   0.01474         0
    34/299     4.65G   0.03908   0.02079         0   0.05987        38       640    0.7833    0.6699    0.7544    0.4753   0.03692   0.01469         0
    35/299     4.65G   0.03908   0.02084         0   0.05992        37       640    0.7852    0.6689    0.7543    0.4751   0.03692   0.01474         0
    36/299     4.65G   0.03908   0.02083         0   0.05991        15       640    0.7962    0.6578    0.7557    0.4728   0.03701   0.01467         0
    37/299     4.65G   0.03917   0.02077         0   0.05994        36       640    0.8015    0.6578    0.7557    0.4745   0.03689   0.01478         0
    38/299     4.65G   0.03908   0.02074         0   0.05981        18       640    0.7922    0.6613    0.7519    0.4738   0.03688   0.01468         0
    39/299     4.65G   0.03906   0.02076         0   0.05981        29       640    0.7919    0.6596    0.7511    0.4738   0.03691   0.01468         0
    40/299     4.65G   0.03899   0.02076         0   0.05976        33       640    0.8097    0.6493    0.7512    0.4714   0.03698   0.01469         0
    41/299     4.65G   0.03902   0.02077         0   0.05979        28       640    0.7927    0.6592     0.751    0.4729   0.03695   0.01473         0
    42/299     4.65G   0.03898   0.02068         0   0.05966        59       640     0.803    0.6509    0.7542    0.4736   0.03693   0.01471         0
    43/299     4.65G   0.03902   0.02077         0   0.05978        20       640    0.7825    0.6718    0.7548    0.4748   0.03694   0.01473         0
    44/299     4.65G   0.03899   0.02073         0   0.05973        24       640    0.8055    0.6509    0.7511    0.4738   0.03695   0.01474         0
    45/299     4.65G   0.03897   0.02077         0   0.05974        13       640    0.7812    0.6693    0.7519    0.4746   0.03683   0.01473         0
    46/299     4.65G   0.03894   0.02062         0   0.05956         8       640    0.7975    0.6579    0.7497    0.4729   0.03693   0.01476         0
    47/299     4.65G   0.03897   0.02073         0    0.0597        27       640    0.8016    0.6516    0.7491    0.4728   0.03698   0.01478         0
    48/299     4.65G   0.03889   0.02077         0   0.05966        41       640    0.7832    0.6638    0.7492    0.4708   0.03716   0.01482         0
    49/299     4.65G   0.03893   0.02062         0   0.05955        23       640    0.7764    0.6698    0.7517    0.4754   0.03687   0.01476         0
    50/299     4.65G   0.03891   0.02072         0   0.05963        28       640    0.7923    0.6659    0.7528    0.4755     0.037   0.01474         0
    51/299     4.65G   0.03883   0.02067         0    0.0595        32       640    0.7788    0.6718    0.7521    0.4743    0.0369   0.01478         0
    52/299     4.65G   0.03891   0.02069         0    0.0596        21       640    0.8016    0.6556    0.7505    0.4692   0.03706   0.01483         0
    53/299     4.65G   0.03886   0.02074         0    0.0596        30       640    0.7809    0.6679    0.7486    0.4721   0.03716   0.01475         0
    54/299     4.65G   0.03881   0.02071         0   0.05953        43       640    0.7978    0.6581    0.7486    0.4701   0.03719   0.01474         0
    55/299     4.65G   0.03897   0.02067         0   0.05963        22       640     0.782    0.6631    0.7455    0.4672   0.03727   0.01484         0
    56/299     4.65G   0.03885   0.02065         0    0.0595        13       640    0.7956    0.6511    0.7444    0.4693   0.03717   0.01482         0
    57/299     4.65G   0.03878   0.02064         0   0.05942        24       640     0.765    0.6763    0.7509    0.4726   0.03701   0.01478         0
    58/299     4.65G   0.03878   0.02063         0   0.05941        44       640     0.788    0.6616    0.7524    0.4734   0.03688   0.01473         0
    59/299     4.65G   0.03873   0.02072         0   0.05944        32       640    0.7851    0.6709    0.7534    0.4733   0.03687   0.01473         0
    60/299     4.65G   0.03882   0.02067         0   0.05949        27       640    0.8034    0.6577     0.753    0.4743   0.03681   0.01474         0
    61/299     4.65G   0.03879   0.02062         0    0.0594        15       640    0.8055    0.6538    0.7524    0.4737   0.03702   0.01476         0
    62/299     4.65G   0.03871   0.02059         0    0.0593        41       640    0.7917    0.6652    0.7532     0.474   0.03683    0.0148         0
    63/299     4.65G   0.03875    0.0207         0   0.05946        53       640    0.7992    0.6581     0.751     0.474    0.0368   0.01483         0
    64/299     4.65G   0.03865   0.02062         0   0.05927        32       640    0.8031    0.6533    0.7511    0.4733   0.03688   0.01487         0
    65/299     4.65G   0.03868   0.02064         0   0.05932        26       640    0.7924    0.6576    0.7479     0.472   0.03694   0.01491         0
    66/299     4.65G   0.03877   0.02066         0   0.05943        24       640    0.7718    0.6688    0.7464    0.4706   0.03706   0.01494         0
    67/299     4.65G   0.03872   0.02061         0   0.05933        35       640    0.8014     0.648    0.7461    0.4698   0.03694   0.01499         0
    68/299     4.65G   0.03873   0.02069         0   0.05941        51       640    0.7849    0.6718    0.7521    0.4736   0.03678   0.01478         0
    69/299     4.65G   0.03859    0.0206         0   0.05918        24       640    0.7969    0.6582    0.7502    0.4729   0.03685   0.01485         0
    70/299     4.65G   0.03866   0.02058         0   0.05924        31       640    0.7904    0.6639    0.7494    0.4721    0.0369   0.01489         0
    71/299     4.65G   0.03872   0.02055         0   0.05927         9       640     0.818    0.6458    0.7491     0.474   0.03678   0.01487         0
    72/299     4.65G   0.03866   0.02055         0   0.05921        29       640    0.8062    0.6543    0.7506    0.4762   0.03682   0.01482         0
    73/299     4.65G   0.03863   0.02056         0   0.05918        31       640    0.8071    0.6613    0.7547    0.4776   0.03663   0.01476         0
    74/299     4.65G   0.03853   0.02057         0    0.0591        27       640     0.795    0.6644    0.7527    0.4767   0.03668   0.01474         0
    75/299     4.65G   0.03857   0.02052         0   0.05909        34       640    0.8085    0.6548    0.7515    0.4769   0.03673   0.01469         0
    76/299     4.65G   0.03853    0.0205         0   0.05903         9       640    0.8048    0.6617    0.7553    0.4777   0.03669    0.0147         0
    77/299     4.65G   0.03856   0.02047         0   0.05903        34       640    0.8124    0.6548    0.7547     0.477   0.03673   0.01471         0
    78/299     4.65G    0.0386   0.02055         0   0.05915        18       640    0.7936     0.664    0.7529    0.4764   0.03673   0.01472         0
    79/299     4.65G   0.03849    0.0205         0   0.05898        17       640    0.7942    0.6618    0.7516     0.473   0.03665   0.01485         0
    80/299     4.65G   0.03852   0.02051         0   0.05903        54       640    0.7875    0.6691    0.7516    0.4747   0.03671   0.01479         0
    81/299     4.65G   0.03856   0.02062         0   0.05918        26       640    0.7952    0.6604    0.7525    0.4757    0.0367   0.01483         0
    82/299     4.65G   0.03853   0.02044         0   0.05898        24       640    0.7983    0.6572    0.7515    0.4749   0.03671   0.01492         0
    83/299     4.65G   0.03847   0.02048         0   0.05895        32       640    0.7852    0.6704    0.7539    0.4735   0.03672   0.01484         0
    84/299     4.65G    0.0385   0.02045         0   0.05895         9       640    0.7955    0.6633    0.7545    0.4766   0.03665   0.01479         0
    85/299     4.65G    0.0385   0.02051         0   0.05901        15       640    0.7924    0.6687    0.7548    0.4777   0.03665   0.01463         0
    86/299     4.65G   0.03843   0.02048         0   0.05892        34       640    0.7796    0.6808    0.7566    0.4781   0.03669   0.01471         0
    87/299     4.65G   0.03854   0.02054         0   0.05908        32       640    0.7944    0.6669    0.7543    0.4755   0.03683   0.01476         0
    88/299     4.65G    0.0385   0.02056         0   0.05906        39       640    0.7819    0.6747    0.7523    0.4759   0.03675   0.01473         0
    89/299     4.65G   0.03834   0.02054         0   0.05888        29       640    0.8014    0.6598    0.7541    0.4747   0.03671   0.01474         0
    90/299     4.65G   0.03842   0.02037         0   0.05879        26       640    0.7885    0.6711    0.7527    0.4754   0.03673   0.01474         0
    91/299     4.65G   0.03834   0.02046         0    0.0588        26       640    0.7829    0.6679     0.753    0.4769   0.03665   0.01467         0
    92/299     4.65G   0.03843   0.02044         0   0.05887        32       640    0.8145    0.6565    0.7562    0.4772   0.03668   0.01466         0
    93/299     4.65G   0.03841   0.02039         0    0.0588        22       640    0.7943    0.6644    0.7542    0.4765   0.03685    0.0147         0
    94/299     4.65G   0.03836   0.02034         0    0.0587        27       640    0.7996    0.6622    0.7556    0.4779   0.03671   0.01464         0
    95/299     4.65G   0.03833   0.02042         0   0.05875        42       640    0.7811    0.6759    0.7532    0.4754   0.03663   0.01476         0
    96/299     4.65G   0.03836   0.02038         0   0.05874        34       640    0.7998    0.6628    0.7538    0.4752   0.03678   0.01474         0
    97/299     4.65G   0.03836   0.02048         0   0.05884        17       640      0.79    0.6622    0.7504    0.4751   0.03675   0.01478         0
    98/299     4.65G   0.03831   0.02039         0   0.05871        25       640    0.7828    0.6652    0.7471     0.473   0.03671   0.01489         0
    99/299     4.65G   0.03841   0.02041         0   0.05881        24       640    0.7824    0.6722    0.7494    0.4746   0.03669   0.01474         0
   100/299     4.65G   0.03828   0.02033         0   0.05861        51       640    0.7976    0.6605    0.7529    0.4758   0.03665   0.01473         0
   101/299     4.65G   0.03827   0.02038         0   0.05865        27       640    0.7591    0.6877    0.7516    0.4733   0.03674   0.01473         0
   102/299     4.65G    0.0383   0.02031         0    0.0586        38       640    0.7892    0.6617    0.7488    0.4686   0.03687   0.01482         0
   103/299     4.65G   0.03823   0.02036         0   0.05858        32       640    0.7798    0.6726    0.7525    0.4728   0.03686   0.01479         0
   104/299     4.65G   0.03832   0.02041         0   0.05873        22       640    0.7622    0.6821    0.7508    0.4732   0.03671   0.01481         0
   105/299     4.65G   0.03817   0.02026         0   0.05843        19       640    0.7918    0.6658     0.754    0.4768   0.03677   0.01472         0
   106/299     4.65G   0.03813   0.02029         0   0.05842        40       640    0.7795    0.6773    0.7541    0.4751   0.03679   0.01488         0
   107/299     4.65G    0.0383   0.02032         0   0.05862        12       640    0.7817    0.6724    0.7517    0.4749   0.03679   0.01488         0
   108/299     4.65G   0.03824    0.0205         0   0.05874        59       640    0.7892    0.6693     0.754    0.4755   0.03673   0.01488         0
   109/299     4.65G   0.03824   0.02025         0   0.05849        43       640    0.7663    0.6848    0.7545    0.4776   0.03671   0.01487         0
   110/299     4.65G   0.03813   0.02019         0   0.05832        18       640     0.775    0.6766    0.7535    0.4765   0.03668   0.01479         0
   111/299     4.65G   0.03825   0.02036         0   0.05861        19       640    0.7863    0.6683    0.7531    0.4755   0.03673   0.01479         0
   112/299     4.65G   0.03815   0.02033         0   0.05849        16       640     0.779    0.6707    0.7515    0.4739   0.03678   0.01492         0
   113/299     4.65G   0.03809   0.02033         0   0.05842        35       640     0.794    0.6606    0.7514    0.4747   0.03676   0.01486         0
   114/299     4.65G   0.03808   0.02017         0   0.05825        21       640    0.7767    0.6719     0.752     0.476   0.03675    0.0148         0
   115/299     4.65G   0.03808   0.02035         0   0.05844         7       640    0.7923    0.6648    0.7527    0.4767   0.03682   0.01477         0
   116/299     4.65G   0.03812    0.0203         0   0.05842        33       640    0.8124    0.6476    0.7524    0.4759    0.0367   0.01481         0
   117/299     4.65G   0.03809    0.0203         0   0.05839        22       640    0.8002     0.656    0.7512    0.4769    0.0366   0.01477         0
   118/299     4.65G   0.03809   0.02034         0   0.05843        16       640    0.7951    0.6609    0.7525    0.4761   0.03675    0.0147         0
   119/299     4.65G   0.03809   0.02024         0   0.05833        25       640    0.8058    0.6552     0.752    0.4766   0.03662    0.0148         0
   120/299     4.65G   0.03818   0.02032         0   0.05851        30       640    0.7854    0.6692    0.7519    0.4776   0.03661   0.01478         0
   121/299     4.65G   0.03808   0.02027         0   0.05835        43       640    0.7806    0.6726    0.7517    0.4755   0.03671   0.01475         0
   122/299     4.65G   0.03798   0.02028         0   0.05827        24       640    0.7907    0.6659    0.7536    0.4755   0.03664   0.01476         0
   123/299     4.65G   0.03807   0.02018         0   0.05826        23       640    0.7919    0.6689    0.7543    0.4771   0.03664   0.01473         0
   124/299     4.65G   0.03801   0.02025         0   0.05826        23       640    0.7928    0.6625    0.7526    0.4766   0.03666   0.01469         0
   125/299     4.65G   0.03802   0.02024         0   0.05826        47       640    0.7781    0.6757    0.7535    0.4783   0.03667    0.0148         0
   126/299     4.65G   0.03805   0.02022         0   0.05827        32       640    0.7972    0.6601    0.7506    0.4756   0.03683   0.01475         0
   127/299     4.65G   0.03794   0.02029         0   0.05823        35       640    0.7964    0.6612    0.7521    0.4782   0.03671   0.01468         0
   128/299     4.65G   0.03793   0.02013         0   0.05806        27       640    0.7965    0.6636    0.7555    0.4795   0.03662   0.01465         0
   129/299     4.65G   0.03798   0.02019         0   0.05817        21       640    0.7925     0.667    0.7541    0.4782   0.03667   0.01468         0
   130/299     4.65G   0.03787   0.02011         0   0.05798        26       640    0.7621    0.6808    0.7509    0.4758   0.03666    0.0148         0
   131/299     4.65G   0.03795   0.02019         0   0.05814        24       640    0.7828    0.6677    0.7501    0.4746   0.03671   0.01482         0
   132/299     4.65G   0.03793   0.02016         0   0.05809        27       640    0.7834    0.6657    0.7496    0.4752   0.03664   0.01485         0
   133/299     4.65G   0.03792   0.02013         0   0.05806        23       640    0.7909    0.6596    0.7495    0.4745   0.03664    0.0148         0
   134/299     4.65G   0.03794   0.02026         0    0.0582        24       640    0.7906    0.6674    0.7526    0.4783   0.03651   0.01472         0
   135/299     4.65G   0.03796   0.02026         0   0.05822         4       640    0.7857     0.671    0.7568    0.4774   0.03652   0.01472         0
   136/299     4.65G   0.03786   0.02026         0   0.05813        20       640    0.7973    0.6629     0.754    0.4784   0.03655   0.01466         0
   137/299     4.65G   0.03781   0.02016         0   0.05797        24       640    0.7943    0.6664    0.7551     0.479   0.03645    0.0146         0
   138/299     4.65G   0.03778   0.02014         0   0.05792        39       640    0.7975     0.666    0.7577    0.4809   0.03654   0.01456         0
   139/299     4.65G   0.03784    0.0203         0   0.05813        24       640    0.7954    0.6651    0.7584    0.4798   0.03642   0.01466         0
   140/299     4.65G   0.03787   0.02023         0    0.0581         9       640    0.8031    0.6595    0.7536    0.4781   0.03645   0.01474         0
   141/299     4.65G   0.03781    0.0202         0     0.058        19       640    0.7964    0.6648    0.7565    0.4775   0.03666   0.01474         0
   142/299     4.65G   0.03779   0.02006         0   0.05785        70       640    0.7948    0.6613    0.7528    0.4748   0.03666   0.01481         0
   143/299     4.65G   0.03777   0.02013         0    0.0579        21       640    0.7584    0.6868    0.7542    0.4759   0.03653   0.01471         0
   144/299     4.65G   0.03781    0.0201         0    0.0579        34       640    0.8027     0.658    0.7534    0.4764   0.03664   0.01474         0
   145/299     4.65G   0.03779   0.01999         0   0.05779        46       640    0.7836    0.6688    0.7537    0.4765   0.03672   0.01471         0
   146/299     4.65G   0.03778   0.02015         0   0.05792        33       640    0.8001    0.6585    0.7537     0.479   0.03661   0.01466         0
   147/299     4.65G   0.03775   0.02014         0   0.05788        26       640     0.808    0.6557    0.7562    0.4804    0.0365   0.01462         0
   148/299     4.65G   0.03772   0.02009         0   0.05781         9       640    0.8033    0.6617    0.7564    0.4808   0.03661   0.01468         0
   149/299     4.65G   0.03769   0.02005         0   0.05775         9       640    0.7951    0.6659    0.7552    0.4804    0.0365   0.01469         0
   150/299     4.65G   0.03775   0.02012         0   0.05787        52       640    0.8118    0.6501    0.7553    0.4776   0.03654   0.01468         0
   151/299     4.65G   0.03775   0.02015         0    0.0579        39       640    0.7966    0.6634     0.758     0.481   0.03647   0.01467         0
   152/299     4.65G   0.03769      0.02         0    0.0577         8       640    0.8065    0.6516    0.7565    0.4812   0.03654   0.01464         0
   153/299     4.65G   0.03772   0.02005         0   0.05777        23       640    0.7772    0.6723    0.7544    0.4798   0.03645   0.01465         0
   154/299     4.65G   0.03762   0.02005         0   0.05768        34       640    0.7671    0.6884    0.7596    0.4837   0.03636   0.01456         0
   155/299     4.65G   0.03767      0.02         0   0.05768        25       640    0.7833    0.6797    0.7589     0.482   0.03639   0.01456         0
   156/299     4.65G   0.03759   0.02005         0   0.05765        40       640     0.793    0.6698    0.7584    0.4828   0.03648   0.01456         0
   157/299     4.65G   0.03762   0.01997         0    0.0576        23       640     0.808    0.6559    0.7565    0.4818   0.03648   0.01461         0
   158/299     4.65G    0.0376   0.01986         0   0.05746        31       640    0.8071    0.6614    0.7586    0.4815   0.03651   0.01462         0
   159/299     4.65G   0.03756   0.01996         0   0.05751        36       640    0.7983    0.6613    0.7548    0.4801   0.03666   0.01473         0
   160/299     4.65G   0.03761   0.02012         0   0.05772        29       640    0.8024    0.6605     0.755    0.4789   0.03657   0.01471         0
   161/299     4.65G   0.03756   0.02006         0   0.05762        41       640    0.7914    0.6699    0.7557    0.4796    0.0367    0.0147         0
   162/299     4.65G   0.03752      0.02         0   0.05752         9       640     0.811    0.6575    0.7569    0.4826   0.03649   0.01461         0
   163/299     4.65G    0.0376   0.02009         0   0.05769        13       640    0.7877    0.6747    0.7573    0.4846   0.03633    0.0146         0
   164/299     4.65G   0.03749   0.01992         0   0.05741        24       640    0.7995    0.6655    0.7532    0.4804   0.03651   0.01472         0
   165/299     4.65G   0.03758   0.02013         0   0.05771        31       640    0.7875    0.6762    0.7563    0.4818   0.03648   0.01468         0
   166/299     4.65G    0.0376   0.01995         0   0.05755        32       640    0.7963    0.6623    0.7542    0.4788   0.03663   0.01473         0
   167/299     4.65G   0.03757      0.02         0   0.05757        24       640    0.8154    0.6492    0.7547    0.4807   0.03649   0.01468         0
   168/299     4.65G   0.03744      0.02         0   0.05744        33       640    0.7953    0.6622    0.7534    0.4806   0.03647   0.01469         0
   169/299     4.65G   0.03748   0.02002         0    0.0575        32       640    0.8013    0.6658    0.7582    0.4825   0.03642   0.01457         0
   170/299     4.65G   0.03749   0.01991         0    0.0574        34       640    0.7981    0.6705    0.7582    0.4819   0.03641   0.01468         0
   171/299     4.65G   0.03748   0.01992         0    0.0574        31       640    0.7997    0.6626    0.7563    0.4814   0.03642   0.01472         0
   172/299     4.65G   0.03747   0.01988         0   0.05734        23       640    0.7945    0.6666    0.7552    0.4809   0.03643   0.01467         0
   173/299     4.65G   0.03748   0.02003         0   0.05751        42       640    0.8132    0.6524    0.7561    0.4835   0.03639   0.01466         0
   174/299     4.65G   0.03738   0.01993         0   0.05731        18       640    0.7944    0.6686    0.7572    0.4826   0.03659   0.01468         0
   175/299     4.65G   0.03745   0.01986         0   0.05731        20       640    0.7988    0.6593    0.7532    0.4804   0.03662   0.01474         0
   176/299     4.65G   0.03734   0.01987         0   0.05721        36       640    0.7848     0.674    0.7572    0.4814   0.03639   0.01471         0
   177/299     4.65G   0.03728   0.01989         0   0.05717        10       640    0.8006    0.6611     0.757    0.4836   0.03641   0.01467         0
   178/299     4.65G   0.03726   0.01988         0   0.05714        36       640    0.8057    0.6557    0.7556    0.4825   0.03638   0.01464         0
   179/299     4.65G   0.03737   0.01988         0   0.05725        37       640    0.7855    0.6681    0.7515    0.4785   0.03658   0.01476         0
   180/299     4.65G   0.03733   0.01992         0   0.05725        28       640    0.7897    0.6639     0.751    0.4782   0.03657    0.0148         0
   181/299     4.65G   0.03736   0.01989         0   0.05725        27       640    0.7619    0.6841    0.7527    0.4812   0.03655   0.01471         0
   182/299     4.65G   0.03724   0.01992         0   0.05716        26       640    0.7786    0.6731    0.7514    0.4809   0.03649   0.01477         0
   183/299     4.65G   0.03719   0.01974         0   0.05694        24       640    0.8112    0.6506    0.7522    0.4787   0.03654   0.01476         0
   184/299     4.65G   0.03729   0.01988         0   0.05717        31       640    0.7978    0.6625     0.752    0.4785   0.03665   0.01477         0
   185/299     4.65G   0.03731   0.01997         0   0.05728        25       640    0.7868    0.6666    0.7502    0.4777   0.03675   0.01472         0
   186/299     4.65G    0.0373   0.01983         0   0.05713        26       640    0.7919    0.6558    0.7488    0.4791   0.03663    0.0148         0
   187/299     4.65G   0.03721   0.01969         0    0.0569        39       640    0.7701    0.6802    0.7537    0.4801   0.03656   0.01465         0
   188/299     4.65G   0.03722   0.01977         0   0.05699        57       640    0.7834    0.6685    0.7546    0.4808   0.03651    0.0147         0
   189/299     4.65G   0.03724   0.01982         0   0.05706        58       640    0.7824    0.6703    0.7523    0.4791   0.03652   0.01476         0
   190/299     4.65G   0.03717   0.01981         0   0.05698        42       640    0.7966      0.66    0.7483    0.4767    0.0366   0.01485         0
   191/299     4.65G   0.03731    0.0199         0   0.05722        30       640     0.797    0.6638    0.7523    0.4793   0.03643   0.01474         0
   192/299     4.65G   0.03715   0.01974         0   0.05688        20       640    0.8033    0.6567    0.7532    0.4802   0.03643   0.01472         0
   193/299     4.65G   0.03708   0.01979         0   0.05687         9       640    0.7812    0.6777    0.7538      0.48   0.03633   0.01471         0
   194/299     4.65G   0.03716   0.01988         0   0.05704        14       640    0.7902    0.6687     0.753    0.4806   0.03645   0.01474         0
   195/299     4.65G   0.03715   0.01984         0   0.05699        18       640     0.775      0.68    0.7558     0.482   0.03636   0.01473         0
   196/299     4.65G   0.03716    0.0198         0   0.05696        33       640    0.7927    0.6701    0.7554     0.482    0.0363   0.01476         0
   197/299     4.65G    0.0372   0.01994         0   0.05715        13       640    0.7929    0.6747    0.7576    0.4824   0.03638   0.01464         0
   198/299     4.65G   0.03703   0.01975         0   0.05678        42       640    0.7758    0.6853    0.7571    0.4832   0.03633   0.01464         0
   199/299     4.65G   0.03721   0.01983         0   0.05704        23       640    0.7977     0.669    0.7586    0.4823   0.03641   0.01458         0
   200/299     4.65G   0.03716   0.01978         0   0.05694        48       640    0.7761    0.6811    0.7551    0.4816   0.03633   0.01463         0
   201/299     4.65G    0.0371   0.01977         0   0.05687        35       640    0.8099    0.6555    0.7543    0.4811   0.03641   0.01468         0
   202/299     4.65G   0.03707   0.01975         0   0.05683        27       640    0.7735    0.6849     0.756    0.4826   0.03643   0.01464         0
   203/299     4.65G   0.03704   0.01979         0   0.05684        51       640    0.7856    0.6753    0.7573    0.4831   0.03632   0.01463         0
   204/299     4.65G   0.03707   0.01971         0   0.05678        18       640    0.7913    0.6694    0.7556    0.4808   0.03644   0.01469         0
   205/299     4.65G   0.03692   0.01974         0   0.05666        49       640    0.7879    0.6754    0.7556    0.4806   0.03661   0.01462         0
   206/299     4.65G   0.03697   0.01968         0   0.05665        14       640    0.7933    0.6656    0.7534    0.4794   0.03666   0.01472         0
   207/299     4.65G     0.037   0.01971         0   0.05671        37       640    0.8019    0.6639    0.7571    0.4817    0.0365   0.01466         0
   208/299     4.65G   0.03691   0.01971         0   0.05661        24       640    0.8074    0.6557    0.7517    0.4789   0.03664   0.01471         0
   209/299     4.65G   0.03699   0.01974         0   0.05672        50       640    0.7838    0.6739    0.7542    0.4784    0.0366   0.01471         0
   210/299     4.65G   0.03689   0.01963         0   0.05653        32       640    0.7965    0.6653    0.7532    0.4815   0.03651    0.0147         0
   211/299     4.65G   0.03694   0.01967         0   0.05661        12       640    0.8054    0.6488    0.7478    0.4744   0.03681   0.01493         0
   212/299     4.65G   0.03691   0.01959         0   0.05651        26       640    0.7701    0.6758    0.7503    0.4805   0.03647   0.01474         0
   213/299     4.65G   0.03688   0.01969         0   0.05657        22       640    0.7947    0.6629     0.752    0.4798   0.03651   0.01475         0
   214/299     4.65G   0.03681   0.01974         0   0.05655        13       640    0.7888    0.6675    0.7511    0.4785   0.03661   0.01485         0
   215/299     4.65G   0.03692   0.01973         0   0.05666        43       640    0.7935    0.6628    0.7527    0.4811   0.03648   0.01474         0
   216/299     4.65G   0.03683   0.01962         0   0.05645        20       640    0.7865    0.6756    0.7565    0.4846   0.03636   0.01465         0
   217/299     4.65G   0.03688   0.01965         0   0.05653        32       640    0.7802    0.6743    0.7543    0.4831   0.03634    0.0147         0
   218/299     4.65G   0.03676   0.01959         0   0.05635        27       640    0.8033    0.6571    0.7529    0.4833   0.03645   0.01466         0
   219/299     4.65G   0.03685   0.01948         0   0.05633        24       640    0.7931    0.6671    0.7528    0.4815   0.03636   0.01474         0
   220/299     4.65G   0.03681   0.01966         0   0.05648         9       640    0.8079    0.6563    0.7547    0.4821   0.03641   0.01468         0
   221/299     4.65G   0.03684   0.01957         0   0.05641        20       640    0.7984    0.6639    0.7527    0.4795   0.03653   0.01474         0
   222/299     4.65G   0.03673   0.01964         0   0.05637        15       640    0.7854    0.6672    0.7512    0.4798   0.03642   0.01478         0
   223/299     4.65G   0.03689   0.01965         0   0.05654        23       640    0.7882    0.6678    0.7519    0.4803   0.03652   0.01475         0
   224/299     4.65G   0.03672   0.01955         0   0.05627        19       640    0.7832    0.6656    0.7494    0.4783   0.03667   0.01482         0
   225/299     4.65G   0.03664   0.01952         0   0.05616        20       640    0.8018    0.6521    0.7472    0.4762    0.0368   0.01487         0
   226/299     4.65G   0.03678   0.01959         0   0.05637        40       640    0.7898     0.663    0.7482    0.4769   0.03673   0.01481         0
   227/299     4.65G   0.03668   0.01951         0   0.05619        16       640    0.7851     0.663    0.7483    0.4764   0.03663   0.01483         0
   228/299     4.65G   0.03678   0.01964         0   0.05642        21       640    0.8059    0.6528    0.7471    0.4765   0.03681   0.01483         0
   229/299     4.65G   0.03668   0.01956         0   0.05624        42       640     0.798    0.6471    0.7462    0.4763   0.03675   0.01485         0
   230/299     4.65G   0.03675   0.01953         0   0.05629        69       640    0.8049    0.6512    0.7485    0.4784   0.03678   0.01478         0
   231/299     4.65G   0.03661   0.01961         0   0.05622        25       640    0.8055    0.6506    0.7506      0.48   0.03657   0.01471         0
   232/299     4.65G   0.03672    0.0195         0   0.05622        45       640    0.7855    0.6638    0.7506    0.4766   0.03671   0.01475         0
   233/299     4.65G    0.0367   0.01961         0   0.05631        21       640    0.7859     0.668     0.752    0.4801   0.03651   0.01469         0
   234/299     4.65G    0.0367    0.0196         0    0.0563        24       640    0.7981    0.6588    0.7542    0.4802   0.03655   0.01471         0
   235/299     4.65G   0.03666   0.01956         0   0.05622        23       640    0.7944    0.6645    0.7531    0.4815   0.03647   0.01471         0
   236/299     4.65G    0.0367   0.01948         0   0.05618        16       640    0.7666    0.6826    0.7537    0.4808   0.03643   0.01474         0
   237/299     4.65G   0.03657   0.01954         0   0.05611        13       640    0.7836    0.6706    0.7546     0.481   0.03629   0.01466         0
   238/299     4.65G   0.03656    0.0195         0   0.05606        53       640    0.7971    0.6628    0.7553    0.4807   0.03651   0.01469         0
   239/299     4.65G   0.03666   0.01954         0    0.0562        24       640    0.7956    0.6673     0.756    0.4837   0.03642   0.01464         0
   240/299     4.65G   0.03648   0.01949         0   0.05597        35       640    0.8033    0.6612     0.755    0.4811   0.03661   0.01471         0
   241/299     4.65G   0.03668   0.01952         0    0.0562        14       640     0.811    0.6566     0.755    0.4826    0.0365   0.01465         0
   242/299     4.65G   0.03658   0.01956         0   0.05614        28       640    0.7999    0.6653    0.7575    0.4843   0.03649   0.01462         0
   243/299     4.65G   0.03659    0.0195         0    0.0561        25       640    0.7802    0.6828    0.7561    0.4828   0.03638   0.01468         0
   244/299     4.65G   0.03657   0.01949         0   0.05606        25       640    0.7927    0.6729    0.7552    0.4811   0.03651   0.01473         0
   245/299     4.65G   0.03661    0.0196         0   0.05621        30       640    0.8004    0.6619    0.7533    0.4786   0.03649   0.01475         0
   246/299     4.65G   0.03661   0.01955         0   0.05616        26       640    0.7832    0.6732    0.7561    0.4814    0.0364   0.01466         0
   247/299     4.65G   0.03646   0.01933         0   0.05579        11       640    0.7895    0.6717     0.756     0.482   0.03648   0.01465         0
   248/299     4.65G   0.03643   0.01944         0   0.05587        26       640    0.7811    0.6728    0.7544    0.4811   0.03648   0.01466         0
   249/299     4.65G   0.03638   0.01945         0   0.05582        45       640    0.7932    0.6663    0.7544    0.4824   0.03639   0.01464         0
   250/299     4.65G   0.03647   0.01948         0   0.05596        22       640    0.7894    0.6709    0.7548    0.4829   0.03635   0.01461         0
   251/299     4.65G   0.03642   0.01931         0   0.05573        15       640     0.809    0.6528    0.7532    0.4805   0.03657   0.01465         0
   252/299     4.65G   0.03657   0.01949         0   0.05606        22       640    0.8051    0.6559    0.7535    0.4813   0.03651   0.01463         0
   253/299     4.65G   0.03639   0.01936         0   0.05575        55       640    0.7943    0.6627    0.7532      0.48   0.03656   0.01468         0
   254/299     4.65G   0.03651   0.01942         0   0.05593        32       640    0.7854    0.6712    0.7534    0.4815   0.03649   0.01466         0
   255/299     4.65G   0.03657   0.01947         0   0.05603        18       640    0.7912    0.6675    0.7543    0.4826   0.03633   0.01463         0
   256/299     4.65G   0.03647   0.01935         0   0.05582        29       640     0.809    0.6601    0.7553    0.4829   0.03627   0.01461         0
   257/299     4.65G    0.0365   0.01941         0   0.05591        27       640    0.7869     0.674    0.7557    0.4822   0.03634   0.01462         0
   258/299     4.65G   0.03647   0.01946         0   0.05592        18       640    0.7868    0.6749    0.7566    0.4835   0.03623    0.0146         0
   259/299     4.65G   0.03639   0.01949         0   0.05588        15       640    0.7812    0.6747    0.7536    0.4792   0.03641   0.01475         0
   260/299     4.65G   0.03647   0.01944         0   0.05591        18       640    0.7957    0.6675     0.755    0.4823   0.03636    0.0147         0
   261/299     4.65G    0.0364   0.01944         0   0.05584        43       640    0.7847    0.6745    0.7536    0.4797    0.0364   0.01473         0
   262/299     4.65G   0.03641   0.01936         0   0.05577         7       640    0.7843    0.6728    0.7523    0.4788   0.03642   0.01473         0
   263/299     4.65G   0.03636   0.01936         0   0.05572        17       640    0.7848    0.6693    0.7519    0.4788   0.03649   0.01472         0
   264/299     4.65G    0.0363   0.01935         0   0.05565        23       640    0.7973    0.6642    0.7523    0.4802   0.03638   0.01474         0
   265/299     4.65G   0.03633   0.01935         0   0.05568        36       640    0.8048      0.66    0.7556    0.4825   0.03634   0.01471         0
   266/299     4.65G   0.03635   0.01941         0   0.05576        32       640    0.7902    0.6767    0.7596    0.4863   0.03623    0.0146         0
   267/299     4.65G   0.03633   0.01932         0   0.05566        17       640    0.7899     0.673    0.7569    0.4835   0.03618   0.01464         0
   268/299     4.65G    0.0363   0.01943         0   0.05573        26       640    0.8004    0.6647    0.7562    0.4827   0.03632    0.0147         0
   269/299     4.65G   0.03634   0.01938         0   0.05571        21       640    0.8121    0.6572    0.7561    0.4843   0.03632   0.01455         0
   270/299     4.65G   0.03625   0.01927         0   0.05552        16       640    0.8115    0.6617    0.7608    0.4841   0.03627   0.01457         0
   271/299     4.65G   0.03627   0.01945         0   0.05572        23       640    0.8044    0.6691    0.7611    0.4862   0.03609   0.01453         0
   272/299     4.65G   0.03637    0.0193         0   0.05567        22       640    0.7894    0.6773    0.7584    0.4856   0.03611   0.01462         0
   273/299     4.65G   0.03633   0.01936         0   0.05569        24       640    0.7896     0.671    0.7569     0.483   0.03635    0.0146         0
   274/299     4.65G   0.03629   0.01938         0   0.05567        20       640    0.7964    0.6661    0.7571    0.4843   0.03623   0.01465         0
   275/299     4.65G   0.03629   0.01934         0   0.05563        74       640    0.7904    0.6733    0.7575    0.4825   0.03632    0.0146         0
   276/299     4.65G    0.0363    0.0193         0    0.0556        28       640    0.7942    0.6706    0.7568    0.4831   0.03624   0.01462         0
   277/299     4.65G   0.03627   0.01939         0   0.05566        21       640    0.8079    0.6576    0.7553    0.4809   0.03631   0.01465         0
   278/299     4.65G   0.03627   0.01943         0    0.0557        20       640    0.8126    0.6579     0.756    0.4822   0.03639   0.01465         0
   279/299     4.65G   0.03623    0.0193         0   0.05553        29       640    0.7926    0.6714    0.7559    0.4841   0.03637   0.01462         0
   280/299     4.65G   0.03624   0.01913         0   0.05538        19       640    0.8014    0.6612    0.7555    0.4828   0.03637   0.01469         0
   281/299     4.65G   0.03621   0.01931         0   0.05551         9       640     0.806    0.6598    0.7528    0.4825   0.03641   0.01472         0
   282/299     4.65G   0.03631   0.01935         0   0.05565        52       640    0.7962    0.6638    0.7532    0.4825   0.03634   0.01474         0
   283/299     4.65G   0.03615   0.01931         0   0.05546        51       640    0.7947    0.6675    0.7547    0.4797   0.03635   0.01476         0
   284/299     4.65G   0.03617   0.01925         0   0.05542        50       640    0.7795    0.6754     0.752    0.4793   0.03643   0.01476         0
   285/299     4.65G   0.03625   0.01921         0   0.05546        14       640    0.7923    0.6668    0.7548    0.4822   0.03636   0.01476         0
   286/299     4.65G   0.03614    0.0193         0   0.05544        22       640    0.8025    0.6602    0.7558    0.4817   0.03643   0.01478         0
   287/299     4.65G   0.03624   0.01942         0   0.05566        11       640    0.8131    0.6524    0.7533    0.4813   0.03638   0.01474         0
   288/299     4.65G   0.03616   0.01923         0   0.05539        36       640    0.7895    0.6695    0.7533    0.4816   0.03635   0.01476         0
   289/299     4.65G   0.03627   0.01923         0    0.0555        41       640    0.7829    0.6766    0.7563     0.483   0.03625   0.01469         0
   290/299     4.65G   0.03616   0.01923         0   0.05539        27       640     0.809    0.6607    0.7553    0.4836   0.03634    0.0147         0
   291/299     4.65G   0.03621   0.01929         0    0.0555        21       640    0.8097    0.6625    0.7573    0.4854    0.0363   0.01463         0
   292/299     4.65G   0.03611    0.0193         0   0.05541        28       640    0.8022    0.6666    0.7543    0.4835    0.0364    0.0147         0
   293/299     4.65G   0.03622   0.01934         0   0.05555        24       640     0.799    0.6689    0.7564    0.4844   0.03635   0.01461         0
   294/299     4.65G   0.03615   0.01925         0    0.0554        16       640     0.786    0.6785    0.7575    0.4854   0.03625   0.01462         0
   295/299     4.65G   0.03608   0.01917         0   0.05525        32       640    0.7994    0.6723    0.7596    0.4848   0.03625   0.01464         0
   296/299     4.65G   0.03616   0.01926         0   0.05542        32       640    0.8062    0.6688    0.7598    0.4851   0.03632   0.01467         0
   297/299     4.65G   0.03613   0.01919         0   0.05532        36       640    0.7909    0.6736    0.7565    0.4832   0.03626   0.01469         0
   298/299     4.65G    0.0361   0.01919         0   0.05529        22       640    0.8004    0.6663    0.7553    0.4824   0.03628   0.01476         0
   299/299     4.65G   0.03618   0.01917         0   0.05535        48       640    0.8082     0.657    0.7519    0.4811   0.03636   0.01485         0
