     0/299     4.64G   0.03609   0.01916         0   0.05526        37       640    0.8102    0.6641    0.7612    0.4882   0.03599   0.01456         0
     1/299     4.65G   0.03625   0.01929         0   0.05554        41       640    0.7928    0.6754    0.7592    0.4843   0.03628   0.01466         0
     2/299     4.65G   0.03629   0.01922         0   0.05551        15       640    0.7958    0.6668    0.7576    0.4833   0.03634   0.01467         0
     3/299     4.65G   0.03645   0.01939         0   0.05584        51       640    0.7928    0.6675    0.7556    0.4831   0.03651   0.01469         0
     4/299     4.65G   0.03649   0.01946         0   0.05595        37       640    0.8189    0.6571    0.7593    0.4853   0.03633   0.01468         0
     5/299     4.65G   0.03644   0.01946         0   0.05589        36       640    0.7872    0.6718    0.7546    0.4822   0.03636   0.01472         0
     6/299     4.65G   0.03649   0.01943         0   0.05591        37       640    0.8042     0.656    0.7546    0.4824   0.03644   0.01476         0
     7/299     4.65G   0.03646   0.01943         0   0.05589        39       640    0.7776     0.675    0.7504    0.4792   0.03659   0.01488         0
     8/299     4.65G   0.03642   0.01939         0   0.05581        16       640    0.7792    0.6792     0.757    0.4833   0.03643   0.01471         0
     9/299     4.65G   0.03645   0.01945         0    0.0559        16       640    0.7699    0.6865    0.7563    0.4817   0.03647   0.01477         0
    10/299     4.65G   0.03654   0.01949         0   0.05604        28       640    0.8081    0.6623    0.7569    0.4804   0.03654   0.01475         0
    11/299     4.65G   0.03658   0.01948         0   0.05606        19       640    0.8005    0.6675    0.7578     0.483    0.0364   0.01463         0
    12/299     4.65G   0.03644   0.01943         0   0.05587        29       640    0.8024    0.6645    0.7575     0.483   0.03642   0.01462         0
    13/299     4.65G   0.03644   0.01946         0    0.0559        19       640    0.7894    0.6723    0.7564    0.4824   0.03651   0.01465         0
    14/299     4.65G   0.03641   0.01947         0   0.05588        23       640    0.7836    0.6722    0.7585    0.4811   0.03665   0.01464         0
    15/299     4.65G   0.03653   0.01936         0   0.05589        53       640    0.8005    0.6676    0.7564    0.4809   0.03651   0.01461         0
    16/299     4.65G    0.0365   0.01945         0   0.05595        48       640     0.807    0.6504     0.752    0.4801   0.03657   0.01471         0
    17/299     4.65G   0.03654   0.01944         0   0.05597        17       640    0.7962    0.6575    0.7511    0.4809   0.03658   0.01475         0
    18/299     4.65G   0.03647   0.01937         0   0.05584        30       640    0.7725    0.6783    0.7561    0.4845   0.03635   0.01462         0
    19/299     4.65G   0.03648   0.01947         0   0.05595        42       640    0.7736    0.6798     0.756    0.4824   0.03633   0.01474         0
    20/299     4.65G   0.03637   0.01938         0   0.05575        49       640    0.7822    0.6721    0.7566    0.4834   0.03633   0.01468         0
    21/299     4.65G   0.03645   0.01938         0   0.05583        32       640    0.7897    0.6701    0.7558    0.4847   0.03633   0.01466         0
    22/299     4.65G   0.03644   0.01931         0   0.05575        31       640    0.8107    0.6609    0.7578    0.4825   0.03645   0.01464         0
    23/299     4.65G   0.03648   0.01945         0   0.05593        34       640    0.8076    0.6599    0.7545     0.481   0.03648   0.01466         0
    24/299     4.65G   0.03649   0.01942         0   0.05591        20       640    0.8127    0.6519    0.7565    0.4818   0.03654   0.01467         0
    25/299     4.65G   0.03651   0.01944         0   0.05595        20       640     0.783    0.6795    0.7582    0.4836   0.03621   0.01464         0
    26/299     4.65G   0.03645   0.01938         0   0.05582        16       640     0.803     0.665     0.759    0.4829    0.0364   0.01464         0
    27/299     4.65G   0.03644   0.01943         0   0.05587        27       640    0.7871    0.6751    0.7565    0.4835   0.03633   0.01468         0
    28/299     4.65G   0.03641   0.01948         0   0.05589        31       640    0.8031    0.6655    0.7589    0.4841   0.03637   0.01462         0
    29/299     4.65G   0.03641   0.01939         0    0.0558        36       640    0.7892    0.6696    0.7576    0.4826    0.0364   0.01464         0
    30/299     4.65G    0.0364   0.01931         0   0.05571        23       640    0.8133    0.6507    0.7562    0.4827   0.03634   0.01469         0
    31/299     4.65G   0.03645    0.0194         0   0.05585        20       640    0.7611    0.6919    0.7565    0.4827   0.03637   0.01469         0
    32/299     4.65G   0.03644   0.01943         0   0.05587        15       640    0.7757    0.6799    0.7561    0.4821   0.03648   0.01466         0
    33/299     4.65G   0.03634   0.01937         0   0.05571        37       640    0.7909    0.6684    0.7564    0.4813   0.03645    0.0147         0
    34/299     4.65G   0.03641   0.01942         0   0.05583        38       640    0.8025    0.6668     0.758    0.4849   0.03643   0.01466         0
    35/299     4.65G   0.03641   0.01947         0   0.05587        37       640    0.7867    0.6705    0.7539    0.4803   0.03652   0.01477         0
    36/299     4.65G   0.03642   0.01947         0   0.05589        15       640     0.789    0.6733     0.758    0.4832   0.03645   0.01465         0
    37/299     4.65G   0.03655   0.01942         0   0.05597        36       640    0.8068    0.6583    0.7578    0.4827   0.03641   0.01467         0
    38/299     4.65G   0.03645   0.01938         0   0.05583        18       640    0.7543    0.6947    0.7555    0.4813   0.03635   0.01471         0
    39/299     4.65G   0.03643   0.01941         0   0.05584        29       640    0.7936    0.6688    0.7536    0.4826   0.03635   0.01469         0
    40/299     4.65G   0.03643   0.01942         0   0.05584        33       640    0.7856    0.6686    0.7534     0.481    0.0364   0.01472         0
    41/299     4.65G   0.03642   0.01943         0   0.05586        28       640    0.7854     0.678     0.756    0.4837   0.03631   0.01462         0
    42/299     4.65G   0.03641   0.01935         0   0.05576        59       640    0.7858     0.674    0.7566    0.4833   0.03637   0.01466         0
    43/299     4.65G   0.03648   0.01944         0   0.05592        20       640    0.7859    0.6746    0.7586    0.4835   0.03634   0.01471         0
    44/299     4.65G   0.03643   0.01942         0   0.05585        24       640    0.7832    0.6768    0.7559    0.4822   0.03626   0.01476         0
    45/299     4.65G   0.03641   0.01946         0   0.05587        13       640     0.815    0.6501    0.7536    0.4815   0.03632   0.01473         0
    46/299     4.65G   0.03639   0.01932         0   0.05572         8       640    0.7861    0.6797    0.7574    0.4835   0.03618   0.01468         0
    47/299     4.65G   0.03641   0.01941         0   0.05582        27       640    0.7773    0.6825    0.7546    0.4816   0.03635   0.01475         0
    48/299     4.65G   0.03642   0.01949         0   0.05591        41       640    0.8024    0.6589    0.7502    0.4781   0.03641   0.01485         0
    49/299     4.65G   0.03643   0.01933         0   0.05576        23       640    0.7754    0.6774    0.7507    0.4789   0.03638   0.01484         0
    50/299     4.65G    0.0364   0.01942         0   0.05582        28       640    0.7764    0.6731      0.75    0.4795   0.03642   0.01488         0
    51/299     4.65G   0.03637   0.01942         0   0.05579        32       640    0.7839    0.6696    0.7524    0.4801   0.03641   0.01481         0
    52/299     4.65G   0.03641    0.0194         0   0.05581        21       640    0.7818    0.6717    0.7526    0.4809   0.03649   0.01473         0
    53/299     4.65G   0.03638   0.01946         0   0.05584        30       640     0.797     0.665    0.7538    0.4822   0.03642   0.01475         0
    54/299     4.65G   0.03633   0.01943         0   0.05577        43       640    0.7941    0.6609    0.7514    0.4796   0.03642   0.01481         0
    55/299     4.65G   0.03649   0.01941         0    0.0559        22       640    0.7987    0.6603    0.7514      0.48   0.03642   0.01479         0
    56/299     4.65G    0.0364    0.0194         0    0.0558        13       640    0.7712    0.6781    0.7515    0.4788   0.03655   0.01481         0
    57/299     4.65G   0.03637   0.01941         0   0.05578        24       640    0.7829    0.6737    0.7531      0.48   0.03634   0.01479         0
    58/299     4.65G   0.03637   0.01939         0   0.05577        44       640    0.7982    0.6636     0.752    0.4815   0.03637   0.01489         0
    59/299     4.65G   0.03632   0.01946         0   0.05578        32       640    0.7912    0.6708    0.7531    0.4805   0.03647   0.01481         0
    60/299     4.65G   0.03638   0.01943         0   0.05581        27       640    0.7848    0.6698    0.7531     0.482   0.03634   0.01485         0
    61/299     4.65G   0.03638   0.01938         0   0.05576        15       640    0.8093    0.6513    0.7521    0.4819   0.03652   0.01481         0
    62/299     4.65G   0.03631   0.01937         0   0.05568        41       640    0.8041    0.6544    0.7498    0.4793   0.03647   0.01485         0
    63/299     4.65G   0.03637   0.01948         0   0.05585        53       640    0.7875    0.6699    0.7531    0.4816   0.03641   0.01475         0
    64/299     4.65G   0.03627   0.01939         0   0.05566        32       640     0.772    0.6847    0.7547    0.4817   0.03654   0.01474         0
    65/299     4.65G   0.03631   0.01943         0   0.05574        26       640    0.7873    0.6751    0.7524    0.4798    0.0366   0.01477         0
    66/299     4.65G   0.03642   0.01946         0   0.05588        24       640    0.7782     0.682    0.7558    0.4822   0.03644   0.01472         0
    67/299     4.65G   0.03638    0.0194         0   0.05578        35       640    0.7927    0.6691    0.7536    0.4812    0.0364   0.01481         0
    68/299     4.65G   0.03641   0.01947         0   0.05588        51       640    0.7931    0.6661    0.7508    0.4786   0.03665    0.0148         0
    69/299     4.65G   0.03626    0.0194         0   0.05566        24       640    0.7952    0.6633    0.7533    0.4785   0.03653   0.01481         0
    70/299     4.65G   0.03634   0.01936         0    0.0557        31       640     0.795    0.6627    0.7505    0.4766    0.0366   0.01489         0
    71/299     4.65G   0.03638   0.01936         0   0.05574         9       640    0.7903    0.6648    0.7472    0.4756   0.03658   0.01495         0
    72/299     4.65G   0.03638   0.01937         0   0.05575        29       640    0.7987    0.6683     0.754    0.4811   0.03648   0.01478         0
    73/299     4.65G   0.03635   0.01937         0   0.05572        31       640    0.8079    0.6539    0.7508    0.4759   0.03666   0.01483         0
    74/299     4.65G   0.03631    0.0194         0   0.05571        27       640    0.7848    0.6733    0.7517    0.4778   0.03655   0.01481         0
    75/299     4.65G   0.03634   0.01935         0   0.05568        34       640    0.7782    0.6848    0.7572    0.4836   0.03632   0.01468         0
    76/299     4.65G   0.03631   0.01935         0   0.05566         9       640    0.8006    0.6648    0.7535    0.4817   0.03641   0.01475         0
    77/299     4.65G   0.03632   0.01932         0   0.05564        34       640    0.8005    0.6686    0.7576     0.483   0.03646   0.01464         0
    78/299     4.65G   0.03636    0.0194         0   0.05576        18       640    0.7948    0.6695    0.7557     0.481   0.03638   0.01469         0
    79/299     4.65G   0.03628   0.01935         0   0.05563        17       640    0.7923    0.6697    0.7516    0.4788   0.03641   0.01475         0
    80/299     4.65G   0.03626   0.01935         0   0.05561        54       640    0.7863    0.6769    0.7558    0.4827   0.03636   0.01465         0
    81/299     4.65G   0.03636   0.01947         0   0.05583        26       640    0.7836    0.6717    0.7546    0.4819   0.03642    0.0147         0
    82/299     4.65G   0.03631   0.01931         0   0.05562        24       640    0.8124    0.6508    0.7528    0.4815    0.0365    0.0147         0
    83/299     4.65G   0.03629   0.01936         0   0.05565        32       640    0.8026    0.6603    0.7531    0.4811   0.03652   0.01469         0
    84/299     4.65G   0.03634    0.0193         0   0.05565         9       640    0.7998     0.663    0.7538    0.4818   0.03655   0.01472         0
    85/299     4.65G   0.03633   0.01938         0   0.05571        15       640    0.7979    0.6633    0.7535    0.4802   0.03658   0.01473         0
    86/299     4.65G   0.03631   0.01936         0   0.05567        34       640    0.7983     0.662    0.7514    0.4792   0.03671   0.01476         0
    87/299     4.65G   0.03638   0.01942         0    0.0558        32       640    0.7892    0.6743    0.7549    0.4824   0.03646    0.0147         0
    88/299     4.65G   0.03639   0.01943         0   0.05582        39       640     0.785    0.6695    0.7522    0.4809   0.03669   0.01475         0
    89/299     4.65G   0.03624   0.01942         0   0.05566        29       640    0.7928    0.6689    0.7509    0.4809   0.03653   0.01477         0
    90/299     4.65G   0.03628   0.01927         0   0.05555        26       640    0.7788    0.6746    0.7485    0.4776   0.03671   0.01483         0
    91/299     4.65G   0.03625   0.01936         0   0.05561        26       640    0.7919    0.6644    0.7501    0.4798   0.03658   0.01475         0
    92/299     4.65G   0.03632   0.01933         0   0.05566        32       640    0.7823    0.6786    0.7515    0.4817   0.03651   0.01475         0
    93/299     4.65G   0.03632   0.01932         0   0.05564        22       640    0.7852    0.6746    0.7487    0.4788   0.03664   0.01489         0
    94/299     4.65G   0.03626   0.01924         0   0.05551        27       640    0.7928    0.6588     0.747     0.476   0.03685   0.01498         0
    95/299     4.65G   0.03625   0.01934         0   0.05559        42       640    0.7904    0.6675    0.7506      0.48   0.03668   0.01483         0
    96/299     4.65G   0.03627   0.01931         0   0.05558        34       640    0.8042    0.6615    0.7505    0.4792   0.03662   0.01483         0
    97/299     4.65G   0.03633   0.01941         0   0.05573        17       640    0.7915    0.6654    0.7491     0.478   0.03683   0.01482         0
    98/299     4.65G   0.03626   0.01933         0   0.05559        25       640    0.7847    0.6668    0.7476    0.4753   0.03685   0.01488         0
    99/299     4.65G   0.03637   0.01935         0   0.05572        24       640    0.7993     0.662    0.7529    0.4817   0.03659   0.01477         0
   100/299     4.65G   0.03625   0.01928         0   0.05552        51       640    0.7996    0.6622    0.7522    0.4805   0.03654   0.01474         0
   101/299     4.65G   0.03625   0.01934         0   0.05559        27       640    0.8008    0.6665    0.7558    0.4822   0.03655   0.01469         0
   102/299     4.65G   0.03629   0.01926         0   0.05554        38       640    0.7859    0.6725    0.7539    0.4828   0.03655   0.01473         0
   103/299     4.65G   0.03622   0.01932         0   0.05554        32       640    0.7936    0.6726    0.7558    0.4821   0.03667    0.0147         0
   104/299     4.65G   0.03633   0.01937         0    0.0557        22       640    0.7877     0.676    0.7573    0.4846   0.03645   0.01467         0
   105/299     4.65G    0.0362   0.01923         0   0.05543        19       640    0.7719    0.6857    0.7546    0.4818    0.0366   0.01473         0
   106/299     4.65G   0.03616   0.01925         0   0.05541        40       640    0.7921     0.667    0.7515    0.4797   0.03672    0.0148         0
   107/299     4.65G   0.03632   0.01927         0   0.05559        12       640    0.7727    0.6817    0.7529    0.4824   0.03655   0.01467         0
   108/299     4.65G   0.03627   0.01947         0   0.05574        59       640    0.7841    0.6807    0.7571    0.4844   0.03637    0.0146         0
   109/299     4.65G   0.03626   0.01923         0   0.05549        43       640     0.791    0.6779    0.7585    0.4859   0.03617    0.0146         0
   110/299     4.65G   0.03618   0.01916         0   0.05534        18       640    0.7957    0.6648    0.7556    0.4824   0.03633   0.01467         0
   111/299     4.65G    0.0363   0.01934         0   0.05564        19       640     0.798    0.6686    0.7559    0.4822   0.03636   0.01469         0
   112/299     4.65G   0.03623   0.01933         0   0.05556        16       640    0.8112    0.6588    0.7564    0.4838   0.03639   0.01466         0
   113/299     4.65G   0.03619   0.01933         0   0.05552        35       640    0.8064    0.6637    0.7577    0.4849   0.03631   0.01465         0
   114/299     4.65G   0.03619   0.01918         0   0.05537        21       640    0.7799    0.6828    0.7573    0.4837   0.03625    0.0147         0
   115/299     4.65G   0.03619   0.01936         0   0.05554         7       640    0.8101    0.6582    0.7555    0.4831   0.03631   0.01466         0
   116/299     4.65G   0.03624   0.01931         0   0.05555        33       640    0.8033    0.6638    0.7549    0.4829   0.03635   0.01471         0
   117/299     4.65G   0.03623   0.01931         0   0.05554        22       640    0.7902    0.6736    0.7543    0.4817   0.03641   0.01469         0
   118/299     4.65G    0.0362   0.01937         0   0.05557        16       640    0.8107    0.6596    0.7553    0.4822   0.03625    0.0147         0
   119/299     4.65G   0.03623   0.01926         0   0.05549        25       640    0.7745    0.6847    0.7561    0.4844   0.03624    0.0147         0
   120/299     4.65G   0.03634   0.01936         0    0.0557        30       640    0.7963    0.6695    0.7549    0.4827    0.0363   0.01471         0
   121/299     4.65G   0.03622    0.0193         0   0.05553        43       640    0.8038    0.6611    0.7564    0.4825    0.0364   0.01466         0
   122/299     4.65G   0.03614   0.01931         0   0.05545        24       640    0.7934    0.6715    0.7568    0.4824   0.03632   0.01465         0
   123/299     4.65G   0.03626   0.01923         0   0.05549        23       640     0.784    0.6778    0.7549    0.4821   0.03628   0.01471         0
   124/299     4.65G    0.0362   0.01929         0   0.05549        23       640    0.7786    0.6761    0.7526    0.4816   0.03638   0.01478         0
   125/299     4.65G   0.03621    0.0193         0   0.05551        47       640    0.7905    0.6706    0.7524    0.4819   0.03643   0.01474         0
   126/299     4.65G   0.03625   0.01929         0   0.05554        32       640    0.7952    0.6613    0.7491    0.4785    0.0364   0.01486         0
   127/299     4.65G   0.03614   0.01935         0   0.05548        35       640    0.7985    0.6615    0.7514    0.4805   0.03635   0.01485         0
   128/299     4.65G   0.03615   0.01921         0   0.05537        27       640    0.7843    0.6768     0.751    0.4794   0.03649   0.01489         0
   129/299     4.65G   0.03621   0.01924         0   0.05545        21       640     0.781    0.6752     0.753    0.4806   0.03653   0.01478         0
   130/299     4.65G   0.03611   0.01921         0   0.05532        26       640    0.7754    0.6805    0.7553    0.4817   0.03656   0.01479         0
   131/299     4.65G   0.03621   0.01927         0   0.05549        24       640    0.7832    0.6726    0.7528    0.4812   0.03637   0.01485         0
   132/299     4.65G   0.03616   0.01924         0   0.05541        27       640    0.7775    0.6822    0.7559    0.4822   0.03649   0.01475         0
   133/299     4.65G   0.03618   0.01921         0   0.05539        23       640    0.7742     0.682    0.7555    0.4825   0.03636   0.01473         0
   134/299     4.65G   0.03621   0.01937         0   0.05558        24       640    0.8026    0.6572    0.7523    0.4806   0.03656   0.01484         0
   135/299     4.65G   0.03623   0.01932         0   0.05555         4       640    0.8027    0.6625    0.7539    0.4816   0.03659   0.01479         0
   136/299     4.65G   0.03615   0.01936         0   0.05551        20       640    0.7829    0.6775    0.7557    0.4833   0.03651   0.01473         0
   137/299     4.65G   0.03612   0.01926         0   0.05538        24       640    0.8042    0.6589    0.7543    0.4822   0.03649   0.01472         0
   138/299     4.65G   0.03609   0.01925         0   0.05533        39       640    0.7824    0.6767    0.7534    0.4819   0.03632   0.01475         0
   139/299     4.65G   0.03617    0.0194         0   0.05557        24       640    0.7923    0.6639    0.7533    0.4828    0.0365   0.01474         0
   140/299     4.65G   0.03619   0.01936         0   0.05556         9       640    0.7783    0.6731    0.7513    0.4797   0.03673   0.01473         0
   141/299     4.65G   0.03615   0.01931         0   0.05546        19       640    0.7891    0.6738    0.7548    0.4811   0.03659   0.01472         0
   142/299     4.65G   0.03613   0.01918         0   0.05531        70       640    0.7896    0.6696    0.7521    0.4795   0.03649   0.01482         0
   143/299     4.65G   0.03611   0.01925         0   0.05536        21       640    0.8037    0.6617    0.7535    0.4813   0.03652   0.01474         0
   144/299     4.65G   0.03617   0.01924         0   0.05541        34       640    0.7899    0.6682    0.7508    0.4783    0.0367   0.01482         0
   145/299     4.65G   0.03617   0.01914         0   0.05531        46       640     0.802    0.6598    0.7499    0.4779   0.03673   0.01479         0
   146/299     4.65G   0.03614    0.0193         0   0.05544        33       640    0.7743    0.6848    0.7561     0.481   0.03658   0.01474         0
   147/299     4.65G   0.03614    0.0193         0   0.05544        26       640    0.7987     0.668    0.7568    0.4844   0.03641   0.01464         0
   148/299     4.65G   0.03612   0.01924         0   0.05536         9       640    0.7909    0.6705    0.7565    0.4842   0.03638   0.01462         0
   149/299     4.65G   0.03612   0.01922         0   0.05534         9       640    0.8008    0.6656     0.757    0.4855   0.03634   0.01468         0
   150/299     4.65G   0.03614   0.01928         0   0.05542        52       640    0.7858    0.6768    0.7538     0.483   0.03631   0.01468         0
   151/299     4.65G   0.03618   0.01931         0   0.05549        39       640    0.7812     0.678    0.7542    0.4843   0.03624   0.01472         0
   152/299     4.65G   0.03615   0.01919         0   0.05534         8       640    0.8085    0.6575    0.7533    0.4822   0.03632   0.01476         0
   153/299     4.65G   0.03617   0.01923         0    0.0554        23       640    0.7948     0.667    0.7557    0.4833   0.03638   0.01475         0
   154/299     4.65G   0.03609   0.01924         0   0.05533        34       640    0.7992    0.6679    0.7572    0.4848   0.03627   0.01471         0
   155/299     4.65G   0.03615    0.0192         0   0.05535        25       640     0.801    0.6698    0.7579    0.4843    0.0363   0.01467         0
   156/299     4.65G   0.03607   0.01925         0   0.05532        40       640    0.7969    0.6658    0.7543    0.4847    0.0364   0.01475         0
   157/299     4.65G   0.03611   0.01917         0   0.05529        23       640    0.7995    0.6664     0.754    0.4817   0.03648   0.01479         0
   158/299     4.65G    0.0361   0.01908         0   0.05518        31       640    0.7968    0.6708     0.756     0.484   0.03641   0.01475         0
   159/299     4.65G   0.03607   0.01918         0   0.05525        36       640    0.8029    0.6664    0.7573    0.4836   0.03638   0.01468         0
   160/299     4.65G   0.03614   0.01934         0   0.05548        29       640    0.7845    0.6773    0.7573    0.4833   0.03627   0.01471         0
   161/299     4.65G    0.0361   0.01928         0   0.05538        41       640    0.8042    0.6638    0.7579    0.4846   0.03621   0.01469         0
   162/299     4.65G   0.03604   0.01921         0   0.05525         9       640    0.8069    0.6604    0.7556    0.4828   0.03639   0.01477         0
   163/299     4.65G   0.03615   0.01932         0   0.05547        13       640    0.7937    0.6669    0.7535    0.4816   0.03641   0.01477         0
   164/299     4.65G   0.03604   0.01918         0   0.05522        24       640    0.8024    0.6579    0.7503    0.4776   0.03655   0.01483         0
   165/299     4.65G   0.03617   0.01937         0   0.05554        31       640    0.8094    0.6569     0.751    0.4774   0.03662   0.01493         0
   166/299     4.65G   0.03617   0.01921         0   0.05538        32       640    0.7703    0.6761     0.748    0.4773   0.03673   0.01494         0
   167/299     4.65G   0.03615   0.01927         0   0.05542        24       640    0.7707    0.6788    0.7479    0.4757    0.0368   0.01498         0
   168/299     4.65G   0.03603   0.01924         0   0.05527        33       640    0.7986    0.6596    0.7479    0.4766   0.03677   0.01494         0
   169/299     4.65G   0.03609   0.01927         0   0.05536        32       640    0.7837    0.6735    0.7504    0.4792   0.03657   0.01495         0
   170/299     4.65G    0.0361   0.01916         0   0.05526        34       640    0.8124    0.6586    0.7549    0.4814   0.03641   0.01479         0
   171/299     4.65G   0.03612   0.01917         0   0.05529        31       640    0.7719      0.68    0.7526    0.4813   0.03646   0.01482         0
   172/299     4.65G    0.0361   0.01914         0   0.05524        23       640     0.808    0.6543    0.7536    0.4812   0.03656   0.01475         0
   173/299     4.65G   0.03615   0.01932         0   0.05547        42       640    0.7954    0.6674    0.7535    0.4802   0.03652   0.01479         0
   174/299     4.65G   0.03604   0.01922         0   0.05525        18       640    0.8107    0.6578     0.751    0.4782   0.03654   0.01484         0
   175/299     4.65G   0.03612   0.01916         0   0.05528        20       640    0.7879    0.6653    0.7496    0.4762   0.03667   0.01489         0
   176/299     4.65G   0.03603   0.01917         0    0.0552        36       640    0.7747    0.6807    0.7512    0.4799   0.03658   0.01481         0
   177/299     4.65G   0.03593   0.01918         0   0.05511        10       640    0.7963    0.6638    0.7503    0.4774   0.03655   0.01491         0
   178/299     4.65G   0.03595    0.0192         0   0.05515        36       640    0.7847    0.6662    0.7449    0.4755    0.0368   0.01494         0
   179/299     4.65G   0.03606   0.01919         0   0.05525        37       640    0.7728     0.674     0.749    0.4773   0.03667   0.01483         0
   180/299     4.65G   0.03607   0.01924         0   0.05531        28       640    0.7951    0.6611    0.7491     0.478   0.03666   0.01482         0
   181/299     4.65G   0.03607   0.01922         0   0.05529        27       640    0.8086    0.6555    0.7547    0.4814   0.03642   0.01472         0
   182/299     4.65G   0.03597   0.01924         0   0.05521        26       640     0.795    0.6631    0.7511    0.4803   0.03658   0.01475         0
   183/299     4.65G   0.03595   0.01908         0   0.05503        24       640    0.7914    0.6697    0.7543     0.481   0.03644   0.01472         0
   184/299     4.65G   0.03604   0.01923         0   0.05526        31       640    0.7964    0.6659    0.7547    0.4821   0.03654   0.01473         0
   185/299     4.65G   0.03605    0.0193         0   0.05535        25       640    0.7693    0.6803     0.751      0.48   0.03643   0.01484         0
   186/299     4.65G   0.03608   0.01917         0   0.05525        26       640    0.7645     0.686    0.7506    0.4795   0.03645   0.01486         0
   187/299     4.65G   0.03602   0.01904         0   0.05506        39       640    0.8024    0.6588    0.7514    0.4816   0.03634    0.0148         0
   188/299     4.65G   0.03602   0.01913         0   0.05515        57       640    0.7816    0.6819    0.7558    0.4831   0.03639   0.01479         0
   189/299     4.65G   0.03607   0.01917         0   0.05524        58       640    0.7917    0.6669    0.7523     0.481   0.03654   0.01477         0
   190/299     4.65G     0.036   0.01916         0   0.05517        42       640    0.7859    0.6712    0.7527    0.4821   0.03637   0.01482         0
   191/299     4.65G   0.03615   0.01927         0   0.05542        30       640    0.8194    0.6504    0.7525    0.4822    0.0363    0.0148         0
   192/299     4.65G   0.03597   0.01911         0   0.05509        20       640    0.7922     0.668    0.7527    0.4804   0.03645   0.01483         0
   193/299     4.65G   0.03593   0.01915         0   0.05508         9       640    0.8103    0.6524    0.7495    0.4785   0.03665   0.01489         0
   194/299     4.65G   0.03602   0.01926         0   0.05527        14       640    0.7889    0.6622    0.7468    0.4766   0.03678   0.01496         0
   195/299     4.65G   0.03602   0.01921         0   0.05523        18       640    0.8005    0.6609    0.7511    0.4797   0.03665   0.01487         0
   196/299     4.65G   0.03604   0.01921         0   0.05524        33       640    0.7733    0.6778    0.7494    0.4773   0.03658   0.01494         0
   197/299     4.65G   0.03608   0.01933         0   0.05541        13       640    0.7983    0.6604    0.7517    0.4804   0.03661   0.01485         0
   198/299     4.65G   0.03593   0.01913         0   0.05506        42       640     0.809    0.6586    0.7526    0.4794   0.03664   0.01486         0
   199/299     4.65G   0.03611   0.01924         0   0.05535        23       640    0.7923     0.666    0.7528    0.4819   0.03659   0.01478         0
   200/299     4.65G   0.03607   0.01918         0   0.05525        48       640    0.8111     0.657     0.754    0.4816   0.03657   0.01472         0
   201/299     4.65G     0.036   0.01919         0   0.05519        35       640     0.797    0.6711    0.7565    0.4819   0.03648   0.01472         0
   202/299     4.65G     0.036   0.01918         0   0.05519        27       640    0.8085    0.6642    0.7562    0.4816   0.03655   0.01469         0
   203/299     4.65G     0.036    0.0192         0    0.0552        51       640    0.8017    0.6645    0.7545    0.4808   0.03664   0.01474         0
   204/299     4.65G   0.03602   0.01915         0   0.05516        18       640    0.7922    0.6718    0.7558    0.4829   0.03651    0.0147         0
   205/299     4.65G   0.03592   0.01916         0   0.05507        49       640    0.7907    0.6732    0.7562    0.4831   0.03644   0.01471         0
   206/299     4.65G   0.03593   0.01912         0   0.05504        14       640    0.7972    0.6717    0.7545    0.4814   0.03649   0.01474         0
   207/299     4.65G   0.03599   0.01914         0   0.05512        37       640    0.7905    0.6734    0.7572    0.4823   0.03648   0.01475         0
   208/299     4.65G   0.03592   0.01915         0   0.05507        24       640    0.7745    0.6818    0.7538    0.4827   0.03643   0.01477         0
   209/299     4.65G   0.03599    0.0192         0   0.05518        50       640    0.8053    0.6583    0.7515    0.4803   0.03663   0.01486         0
   210/299     4.65G   0.03588   0.01908         0   0.05496        32       640    0.7856     0.669    0.7511    0.4781   0.03663   0.01483         0
   211/299     4.65G   0.03599   0.01912         0   0.05511        12       640    0.7867    0.6639    0.7503    0.4788   0.03677   0.01483         0
   212/299     4.65G   0.03593   0.01906         0     0.055        26       640    0.8061    0.6563    0.7516    0.4796   0.03656   0.01486         0
   213/299     4.65G   0.03592   0.01917         0   0.05508        22       640    0.7946    0.6529    0.7483    0.4782    0.0366   0.01491         0
   214/299     4.65G   0.03585    0.0192         0   0.05506        13       640    0.7864    0.6674    0.7475    0.4753   0.03677   0.01497         0
   215/299     4.65G     0.036   0.01921         0   0.05521        43       640    0.7915     0.667    0.7523    0.4802   0.03656   0.01482         0
   216/299     4.65G   0.03588   0.01909         0   0.05498        20       640    0.8031    0.6564    0.7514    0.4805   0.03642   0.01484         0
   217/299     4.65G   0.03596   0.01913         0   0.05509        32       640    0.7972     0.663     0.751    0.4787   0.03655   0.01482         0
   218/299     4.65G   0.03586   0.01909         0   0.05495        27       640    0.8181    0.6524    0.7531    0.4815    0.0365   0.01476         0
   219/299     4.65G   0.03595   0.01899         0   0.05493        24       640    0.8031    0.6596    0.7526    0.4789   0.03661   0.01479         0
   220/299     4.65G   0.03592   0.01917         0   0.05509         9       640    0.7936    0.6699    0.7528    0.4794   0.03657   0.01481         0
   221/299     4.65G   0.03596   0.01908         0   0.05504        20       640    0.7964     0.665    0.7509    0.4789   0.03667   0.01484         0
   222/299     4.65G   0.03586   0.01916         0   0.05502        15       640    0.7989    0.6659    0.7523    0.4805    0.0365   0.01478         0
   223/299     4.65G   0.03601   0.01915         0   0.05516        23       640    0.7967    0.6621    0.7524    0.4799    0.0366   0.01477         0
   224/299     4.65G   0.03589   0.01908         0   0.05497        19       640    0.7937    0.6698    0.7528      0.48   0.03655   0.01473         0
   225/299     4.65G   0.03581   0.01905         0   0.05485        20       640    0.8014    0.6589    0.7511    0.4779   0.03665    0.0148         0
   226/299     4.65G   0.03595   0.01912         0   0.05507        40       640    0.8047    0.6582    0.7519    0.4787   0.03667   0.01481         0
   227/299     4.65G   0.03585   0.01905         0    0.0549        16       640    0.7806    0.6697    0.7493    0.4772   0.03678   0.01487         0
   228/299     4.65G   0.03595   0.01919         0   0.05514        21       640    0.8007    0.6573    0.7504    0.4768   0.03671   0.01486         0
   229/299     4.65G   0.03587   0.01911         0   0.05498        42       640     0.791    0.6665    0.7503    0.4782   0.03673   0.01483         0
   230/299     4.65G   0.03595    0.0191         0   0.05504        69       640    0.7951    0.6673    0.7523    0.4789   0.03667   0.01479         0
   231/299     4.65G   0.03584   0.01917         0   0.05501        25       640    0.7966    0.6652    0.7537    0.4815   0.03661   0.01476         0
   232/299     4.65G   0.03593   0.01907         0     0.055        45       640    0.8048    0.6578    0.7526    0.4805   0.03665   0.01475         0
   233/299     4.65G   0.03593   0.01918         0   0.05511        21       640    0.7764    0.6846    0.7557    0.4808   0.03657   0.01471         0
   234/299     4.65G   0.03597   0.01918         0   0.05515        24       640    0.8048    0.6556    0.7498    0.4784   0.03676   0.01475         0
   235/299     4.65G   0.03589   0.01914         0   0.05503        23       640    0.7853    0.6648    0.7456    0.4736   0.03687   0.01486         0
   236/299     4.65G   0.03596   0.01906         0   0.05502        16       640    0.7861      0.67    0.7517    0.4789   0.03653   0.01475         0
   237/299     4.65G   0.03585   0.01912         0   0.05497        13       640     0.784    0.6706    0.7518    0.4798   0.03655   0.01476         0
   238/299     4.65G   0.03581   0.01909         0   0.05491        53       640     0.795    0.6606    0.7497    0.4782    0.0366   0.01481         0
   239/299     4.65G   0.03593   0.01915         0   0.05508        24       640     0.798    0.6618    0.7494    0.4787   0.03646   0.01478         0
   240/299     4.65G   0.03576   0.01908         0   0.05483        35       640    0.7886    0.6669    0.7495    0.4787   0.03658   0.01483         0
   241/299     4.65G   0.03597   0.01913         0   0.05511        14       640    0.7947    0.6616    0.7494    0.4781   0.03672   0.01483         0
   242/299     4.65G   0.03587   0.01916         0   0.05503        28       640    0.7768    0.6803     0.752    0.4792   0.03658   0.01481         0
   243/299     4.65G    0.0359   0.01911         0     0.055        25       640     0.787     0.671    0.7528    0.4795   0.03669    0.0147         0
   244/299     4.65G   0.03591   0.01911         0   0.05502        25       640    0.8088    0.6559    0.7536     0.481   0.03646   0.01472         0
   245/299     4.65G   0.03594   0.01922         0   0.05516        30       640    0.8021    0.6643    0.7553    0.4818   0.03649    0.0147         0
   246/299     4.65G   0.03592   0.01918         0    0.0551        26       640    0.7834    0.6779    0.7539    0.4834    0.0365    0.0147         0
   247/299     4.65G   0.03582   0.01896         0   0.05478        11       640    0.8071    0.6586    0.7541     0.483   0.03645   0.01471         0
   248/299     4.65G   0.03579   0.01908         0   0.05488        26       640    0.7916    0.6676    0.7519    0.4801   0.03655   0.01477         0
   249/299     4.65G   0.03573   0.01908         0   0.05481        45       640     0.802    0.6596    0.7531    0.4827   0.03661   0.01468         0
   250/299     4.65G   0.03585   0.01913         0   0.05497        22       640    0.7775    0.6763    0.7529    0.4817    0.0365   0.01472         0
   251/299     4.65G    0.0358   0.01896         0   0.05475        15       640    0.7902    0.6681     0.755     0.483   0.03639   0.01468         0
   252/299     4.65G   0.03598   0.01913         0   0.05511        22       640    0.7893    0.6659    0.7523    0.4821    0.0365   0.01469         0
   253/299     4.65G   0.03579   0.01902         0   0.05481        55       640    0.7626    0.6868    0.7536    0.4828   0.03645   0.01472         0
   254/299     4.65G   0.03589   0.01906         0   0.05496        32       640    0.7794    0.6773    0.7538    0.4839   0.03642   0.01466         0
   255/299     4.65G   0.03598   0.01913         0   0.05511        18       640    0.7836    0.6695    0.7514    0.4794   0.03653   0.01472         0
   256/299     4.65G   0.03588   0.01902         0    0.0549        29       640    0.8004    0.6587     0.752    0.4815   0.03649   0.01472         0
   257/299     4.65G   0.03591    0.0191         0   0.05501        27       640    0.7905    0.6699    0.7541     0.481   0.03651   0.01472         0
   258/299     4.65G   0.03589   0.01914         0   0.05503        18       640    0.7992    0.6596    0.7515     0.479   0.03668   0.01472         0
   259/299     4.65G   0.03584   0.01918         0   0.05503        15       640    0.8133    0.6497     0.754    0.4802   0.03665   0.01471         0
   260/299     4.65G   0.03594   0.01913         0   0.05506        18       640    0.7783    0.6765    0.7551    0.4837    0.0364   0.01466         0
   261/299     4.65G   0.03586   0.01912         0   0.05498        43       640    0.7771    0.6756     0.753    0.4821   0.03646   0.01472         0
   262/299     4.65G   0.03587   0.01905         0   0.05492         7       640    0.8093    0.6521    0.7523    0.4827   0.03641   0.01476         0
   263/299     4.65G   0.03582   0.01904         0   0.05486        17       640    0.8025    0.6664    0.7552    0.4855   0.03636   0.01468         0
   264/299     4.65G   0.03577   0.01906         0   0.05483        23       640     0.785    0.6774     0.757    0.4837   0.03635   0.01473         0
   265/299     4.65G   0.03582   0.01906         0   0.05489        36       640    0.7818    0.6807    0.7566    0.4837   0.03635    0.0147         0
   266/299     4.65G   0.03585   0.01912         0   0.05496        32       640    0.7756     0.684    0.7524    0.4804   0.03649   0.01477         0
   267/299     4.65G   0.03586   0.01903         0   0.05489        17       640    0.7908    0.6686    0.7529    0.4811   0.03656   0.01476         0
   268/299     4.65G   0.03583   0.01914         0   0.05497        26       640    0.8023    0.6671    0.7567    0.4833   0.03653   0.01465         0
   269/299     4.65G   0.03584    0.0191         0   0.05494        21       640    0.8093    0.6628    0.7568    0.4847   0.03636   0.01467         0
   270/299     4.65G   0.03576   0.01899         0   0.05475        16       640    0.8129     0.656    0.7564    0.4829   0.03629    0.0147         0
   271/299     4.65G    0.0358   0.01919         0   0.05499        23       640    0.7742    0.6801    0.7519    0.4808   0.03639   0.01474         0
   272/299     4.65G    0.0359   0.01904         0   0.05494        22       640    0.8069    0.6576    0.7498    0.4804   0.03659   0.01475         0
   273/299     4.65G   0.03588    0.0191         0   0.05498        24       640    0.7945    0.6667    0.7522    0.4805   0.03651   0.01476         0
   274/299     4.65G   0.03585   0.01911         0   0.05496        20       640    0.8104    0.6593    0.7544    0.4813    0.0365   0.01474         0
   275/299     4.65G   0.03585   0.01908         0   0.05493        74       640    0.7782    0.6813    0.7532      0.48   0.03653   0.01473         0
   276/299     4.65G   0.03582   0.01903         0   0.05485        28       640    0.8051    0.6592    0.7543    0.4809   0.03648   0.01472         0
   277/299     4.65G   0.03585   0.01914         0   0.05498        21       640    0.7957    0.6595    0.7512    0.4795   0.03652   0.01477         0
   278/299     4.65G   0.03585   0.01917         0   0.05502        20       640    0.8078    0.6598    0.7534    0.4817   0.03645   0.01473         0
   279/299     4.65G   0.03581   0.01906         0   0.05487        29       640    0.7886    0.6688    0.7519    0.4815   0.03636   0.01472         0
   280/299     4.65G   0.03581   0.01889         0   0.05471        19       640    0.7833    0.6715    0.7521     0.481   0.03647    0.0147         0
   281/299     4.65G   0.03578   0.01905         0   0.05484         9       640    0.7725    0.6828    0.7529    0.4836   0.03635   0.01472         0
   282/299     4.65G   0.03587    0.0191         0   0.05497        52       640     0.801    0.6623    0.7499    0.4791   0.03659   0.01481         0
   283/299     4.65G   0.03577   0.01907         0   0.05485        51       640    0.8031    0.6625    0.7523     0.482   0.03642   0.01472         0
   284/299     4.65G   0.03575   0.01901         0   0.05476        50       640    0.8073    0.6551    0.7515    0.4794   0.03649   0.01477         0
   285/299     4.65G   0.03585   0.01898         0   0.05482        14       640    0.7975    0.6657    0.7521    0.4802   0.03657   0.01477         0
   286/299     4.65G   0.03572   0.01906         0   0.05478        22       640    0.7842    0.6747    0.7519      0.48    0.0366   0.01476         0
   287/299     4.65G   0.03584   0.01918         0   0.05502        11       640    0.7794    0.6777    0.7522    0.4792   0.03665    0.0148         0
   288/299     4.65G   0.03576   0.01899         0   0.05475        36       640    0.7947     0.665    0.7516    0.4778   0.03671   0.01475         0
   289/299     4.65G   0.03587   0.01899         0   0.05486        41       640    0.8017    0.6629     0.754    0.4814   0.03655   0.01477         0
   290/299     4.65G   0.03578     0.019         0   0.05478        27       640    0.7805    0.6738     0.752    0.4808   0.03649   0.01476         0
   291/299     4.65G    0.0358   0.01906         0   0.05486        21       640    0.7941    0.6666    0.7542    0.4815   0.03645   0.01473         0
   292/299     4.65G   0.03571   0.01908         0   0.05479        28       640    0.7965    0.6631    0.7518    0.4787   0.03655    0.0148         0
   293/299     4.65G   0.03582   0.01911         0   0.05493        24       640    0.7789    0.6804     0.752    0.4795   0.03665   0.01477         0
   294/299     4.65G   0.03576   0.01903         0   0.05479        16       640    0.7888    0.6708    0.7509    0.4774   0.03659   0.01481         0
   295/299     4.65G   0.03571   0.01896         0   0.05467        32       640    0.7988    0.6635    0.7532    0.4794   0.03652   0.01479         0
   296/299     4.65G   0.03576   0.01904         0   0.05481        32       640     0.801    0.6634    0.7537    0.4805   0.03656    0.0148         0
   297/299     4.65G   0.03575   0.01896         0   0.05471        36       640    0.7978    0.6652    0.7524    0.4797   0.03654   0.01482         0
   298/299     4.65G   0.03574   0.01898         0   0.05472        22       640     0.784    0.6684    0.7493    0.4776   0.03662   0.01488         0
   299/299     4.65G    0.0358   0.01895         0   0.05475        48       640    0.7691    0.6834    0.7503    0.4787   0.03681   0.01482         0
