     0/299     4.63G    0.0868   0.03305         0    0.1198        34       640    0.3054    0.2227    0.1812   0.05782    0.0693   0.02335         0
     1/299     4.65G   0.06599   0.03064         0   0.09664        64       640    0.5569     0.374    0.4046     0.165   0.05751   0.02098         0
     2/299     4.65G   0.05924   0.02884         0   0.08808        31       640    0.6122    0.4508    0.4935    0.2269   0.05264   0.01993         0
     3/299     4.65G    0.0547   0.02743         0   0.08213        31       640    0.6523    0.4915    0.5409    0.2631   0.04996   0.01935         0
     4/299     4.65G   0.05189   0.02651         0    0.0784        35       640    0.6993    0.4968    0.5661    0.2857   0.04832   0.01893         0
     5/299     4.65G   0.05003   0.02583         0   0.07586        47       640    0.7244    0.5005    0.5806    0.2994   0.04733   0.01869         0
     6/299     4.65G   0.04894   0.02534         0   0.07427        42       640    0.7394    0.5035    0.5919     0.309   0.04662   0.01858         0
     7/299     4.65G   0.04794   0.02505         0   0.07299        29       640    0.7385    0.5148     0.602    0.3183   0.04603   0.01844         0
     8/299     4.65G   0.04726   0.02462         0   0.07188        26       640    0.7172    0.5382    0.6116    0.3267   0.04552   0.01834         0
     9/299     4.65G   0.04668    0.0244         0   0.07108        36       640    0.7362    0.5371    0.6197    0.3341   0.04501   0.01821         0
    10/299     4.65G   0.04615   0.02418         0   0.07032        37       640    0.7498    0.5401    0.6277    0.3423   0.04452   0.01807         0
    11/299     4.65G   0.04574   0.02398         0   0.06971         7       640    0.7522    0.5461    0.6354    0.3494   0.04404   0.01791         0
    12/299     4.65G   0.04526    0.0238         0   0.06906        15       640    0.7286    0.5705    0.6447     0.357   0.04358    0.0177         0
    13/299     4.65G   0.04497    0.0236         0   0.06857        15       640    0.7493    0.5672    0.6517    0.3642   0.04313   0.01747         0
    14/299     4.65G   0.04466   0.02365         0    0.0683        17       640    0.7621    0.5699    0.6594    0.3714    0.0427   0.01723         0
    15/299     4.65G    0.0443   0.02347         0   0.06776        30       640    0.7476    0.5881    0.6662    0.3784   0.04228     0.017         0
    16/299     4.65G   0.04413   0.02337         0   0.06751        46       640    0.7717    0.5799    0.6725    0.3848   0.04191   0.01679         0
    17/299     4.65G   0.04391    0.0232         0   0.06711        27       640    0.7542    0.5986    0.6792    0.3905   0.04156   0.01659         0
    18/299     4.65G   0.04367   0.02319         0   0.06686        54       640    0.7612    0.5995    0.6846    0.3955   0.04125   0.01642         0
    19/299     4.65G   0.04339   0.02299         0   0.06638        38       640    0.7759    0.5948    0.6898    0.4005   0.04097   0.01625         0
    20/299     4.65G   0.04326   0.02296         0   0.06622        38       640    0.7744    0.6001    0.6944    0.4055   0.04069   0.01611         0
    21/299     4.65G   0.04315   0.02294         0   0.06609        28       640    0.7717    0.6045    0.6986    0.4097   0.04044     0.016         0
    22/299     4.65G   0.04293   0.02281         0   0.06574        32       640    0.7814    0.6027    0.7024    0.4137   0.04021   0.01589         0
    23/299     4.65G   0.04269    0.0227         0   0.06539        21       640    0.7631    0.6193    0.7069    0.4169      0.04    0.0158         0
    24/299     4.65G   0.04262   0.02274         0   0.06536        37       640     0.773    0.6185    0.7101    0.4201    0.0398   0.01571         0
    25/299     4.65G   0.04245   0.02254         0   0.06499        42       640    0.7798    0.6186    0.7123    0.4247   0.03961   0.01564         0
    26/299     4.65G   0.04224   0.02252         0   0.06476        22       640    0.7684    0.6292    0.7151    0.4275   0.03944   0.01557         0
    27/299     4.65G   0.04213   0.02244         0   0.06457        44       640    0.7736    0.6311    0.7178    0.4303   0.03928    0.0155         0
     0/299     4.64G   0.09398   0.03374         0    0.1277        37       640    0.1454    0.1176   0.05477    0.0124    0.0819   0.02597         0
     1/299     4.65G   0.07173   0.03166         0    0.1034        41       640    0.5147     0.318    0.3385    0.1276   0.06201   0.02187         0
     2/299     4.65G   0.06129    0.0294         0   0.09069        15       640    0.5806    0.3955    0.4311     0.186   0.05629   0.02134         0
     3/299     4.65G   0.05603   0.02806         0   0.08409        51       640    0.5975    0.4487    0.4869     0.228   0.05265   0.02092         0
     4/299     4.65G   0.05302   0.02704         0   0.08007        37       640    0.6573    0.4546     0.515    0.2499   0.05092   0.02094         0
     5/299     4.65G   0.05126   0.02647         0   0.07773        36       640    0.6963    0.4645    0.5423    0.2664   0.04962   0.02002         0
     6/299     4.65G   0.05004    0.0259         0   0.07594        37       640    0.6864    0.4802    0.5517    0.2753   0.04904   0.02045         0
     7/299     4.65G   0.04914   0.02548         0   0.07462        39       640    0.6687    0.5022    0.5628    0.2838   0.04846   0.02035         0
     8/299     4.65G   0.04837   0.02519         0   0.07356        16       640    0.7183    0.4892    0.5696    0.2919   0.04792   0.02086         0
     9/299     4.65G   0.04781     0.025         0   0.07281        16       640    0.6958    0.4832    0.5557    0.2843   0.04788   0.02148         0
    10/299     4.65G   0.04739    0.0248         0   0.07219        28       640    0.7321    0.5004    0.5853    0.3012   0.04688   0.02091         0
    11/299     4.65G     0.047    0.0246         0   0.07159        19       640    0.7257    0.4923    0.5779    0.3035   0.04667   0.02157         0
    12/299     4.65G   0.04646   0.02437         0   0.07084        29       640    0.7279     0.512    0.5939    0.3132   0.04613    0.0206         0
    13/299     4.65G   0.04611   0.02429         0    0.0704        19       640    0.7209    0.5276    0.6035    0.3218    0.0453   0.01998         0
    14/299     4.65G   0.04577   0.02412         0   0.06989        23       640    0.7258    0.5427    0.6145    0.3306    0.0449   0.01975         0
    15/299     4.65G   0.04561   0.02385         0   0.06946        53       640    0.7412    0.5413     0.619    0.3366   0.04466   0.01961         0
    16/299     4.65G   0.04533   0.02388         0   0.06921        48       640    0.6835    0.5926    0.6347    0.3458   0.04388   0.01878         0
    17/299     4.65G   0.04515   0.02375         0    0.0689        17       640    0.7186    0.5798    0.6436    0.3525   0.04349   0.01844         0
    18/299     4.65G   0.04495   0.02359         0   0.06854        30       640    0.7163     0.588    0.6514     0.358   0.04317   0.01772         0
    19/299     4.65G   0.04469   0.02363         0   0.06831        42       640    0.7405    0.5791    0.6552     0.366   0.04287   0.01759         0
    20/299     4.65G   0.04442   0.02342         0   0.06784        49       640    0.7449    0.5825    0.6614    0.3715   0.04253   0.01727         0
    21/299     4.65G   0.04431    0.0234         0   0.06771        32       640    0.7242    0.5996    0.6649    0.3752   0.04215   0.01695         0
    22/299     4.65G   0.04414   0.02321         0   0.06736        31       640    0.7271    0.6067    0.6727    0.3824   0.04193   0.01671         0
    23/299     4.65G   0.04402   0.02327         0   0.06729        34       640    0.7424       0.6    0.6732    0.3838   0.04179   0.01647         0
    24/299     4.65G   0.04393   0.02321         0   0.06714        20       640    0.7263    0.6142    0.6754    0.3857   0.04168   0.01646         0
    25/299     4.65G   0.04383   0.02314         0   0.06697        20       640     0.752    0.5934    0.6736    0.3881    0.0415   0.01656         0
    26/299     4.65G   0.04362   0.02303         0   0.06666        16       640    0.7435    0.6048    0.6802    0.3928   0.04121   0.01638         0
    27/299     4.65G    0.0435   0.02304         0   0.06653        27       640    0.7409    0.6183      0.69     0.401   0.04094   0.01616         0
    28/299     4.65G   0.04332   0.02301         0   0.06633        31       640    0.7501    0.6173    0.6926    0.4028   0.04078   0.01608         0
    29/299     4.65G   0.04322   0.02288         0    0.0661        36       640    0.7709    0.6073    0.6987    0.4094   0.04063   0.01594         0
    30/299     4.65G   0.04314   0.02275         0   0.06589        23       640    0.7612    0.6167    0.6991    0.4113   0.04056   0.01596         0
    31/299     4.65G    0.0431   0.02279         0   0.06589        20       640    0.7629    0.6109    0.6949    0.4056   0.04063   0.01599         0
    32/299     4.65G     0.043   0.02278         0   0.06577        15       640    0.7521    0.6181    0.6968    0.4089   0.04038   0.01607         0
    33/299     4.65G   0.04285   0.02269         0   0.06554        37       640    0.7416     0.626    0.6965    0.4099   0.04012   0.01597         0
    34/299     4.65G   0.04278   0.02268         0   0.06547        38       640    0.7587    0.6192    0.6988    0.4122   0.04012   0.01588         0
    35/299     4.65G   0.04269   0.02271         0    0.0654        37       640    0.7652    0.6227    0.7044    0.4175   0.03996   0.01574         0
    36/299     4.65G   0.04266   0.02268         0   0.06534        15       640    0.7374    0.6378    0.7037    0.4159   0.04005   0.01572         0
    37/299     4.65G   0.04271   0.02257         0   0.06528        36       640     0.773    0.6109    0.6995    0.4143   0.04009   0.01573         0
    38/299     4.65G   0.04249   0.02249         0   0.06498        18       640    0.7489     0.621    0.6956    0.4125   0.03998   0.01595         0
    39/299     4.65G   0.04242    0.0225         0   0.06491        29       640    0.7699    0.6132     0.698    0.4125      0.04   0.01586         0
    40/299     4.65G   0.04232   0.02247         0   0.06479        33       640    0.7529    0.6281    0.7014    0.4164   0.03987    0.0158         0
    41/299     4.65G    0.0423   0.02247         0   0.06477        28       640    0.7442    0.6307    0.7021    0.4162   0.03984    0.0158         0
    42/299     4.65G   0.04219   0.02232         0   0.06451        59       640    0.7585    0.6213    0.7031    0.4197   0.03975   0.01571         0
    43/299     4.65G   0.04219   0.02244         0   0.06462        20       640    0.7612    0.6267    0.7058    0.4193   0.03976   0.01568         0
    44/299     4.65G   0.04209   0.02235         0   0.06444        24       640    0.7744    0.6216    0.7107    0.4247    0.0396   0.01565         0
    45/299     4.65G   0.04203   0.02237         0    0.0644        13       640     0.781     0.623    0.7145    0.4273   0.03937   0.01561         0
    46/299     4.65G   0.04192   0.02219         0   0.06411         8       640    0.7604    0.6416    0.7148    0.4284   0.03925   0.01566         0
     0/299     4.64G   0.09372   0.03362         0    0.1273        37       640    0.1366    0.1468   0.06418    0.0159   0.08057   0.02544         0
     0/299     4.64G   0.09431   0.03374         0     0.128        37       640    0.1074    0.1266   0.04269  0.009588   0.08275    0.0261         0
     1/299     4.65G   0.07174   0.03153         0    0.1033        41       640    0.5241    0.3187    0.3415    0.1295   0.06167   0.02165         0
     2/299     4.65G    0.0609    0.0292         0   0.09009        15       640    0.5907    0.4122    0.4524    0.1994   0.05526   0.02058         0
     3/299     4.65G   0.05583   0.02794         0   0.08377        51       640     0.584     0.452    0.4831    0.2269   0.05263   0.02135         0
     4/299     4.65G   0.05284   0.02695         0   0.07979        37       640    0.6399    0.4646    0.5158    0.2497   0.05102   0.02089         0
     5/299     4.65G   0.05108   0.02635         0   0.07743        36       640    0.6539    0.4663    0.5269    0.2578   0.05009   0.02092         0
     6/299     4.65G   0.04991    0.0258         0   0.07571        37       640    0.7105    0.4745    0.5534    0.2793   0.04879   0.02016         0
     7/299     4.65G   0.04905    0.0254         0   0.07445        39       640    0.6884    0.4938    0.5616    0.2862   0.04823   0.02009         0
     8/299     4.65G    0.0483   0.02509         0   0.07339        16       640    0.7101    0.4779    0.5591    0.2886   0.04824   0.02063         0
     9/299     4.65G   0.04772   0.02491         0   0.07262        16       640    0.6984    0.5144    0.5817    0.3026   0.04717    0.0202         0
    10/299     4.65G   0.04725   0.02472         0   0.07197        28       640     0.697    0.5326    0.5922    0.3107    0.0465      0.02         0
    11/299     4.65G   0.04691   0.02454         0   0.07145        19       640    0.7021     0.536    0.5994    0.3188   0.04607   0.01999         0
    12/299     4.65G   0.04638   0.02431         0   0.07069        29       640    0.7216    0.5271    0.5991    0.3208    0.0458   0.01984         0
    13/299     4.65G   0.04603   0.02423         0   0.07026        19       640    0.7016    0.5555    0.6193    0.3353   0.04475   0.01899         0
    14/299     4.65G   0.04573   0.02408         0   0.06981        23       640    0.7351    0.5464    0.6255    0.3407   0.04452   0.01914         0
    15/299     4.65G   0.04555    0.0238         0   0.06935        53       640    0.7128    0.5605    0.6261    0.3422   0.04441   0.01902         0
    16/299     4.65G   0.04528   0.02383         0    0.0691        48       640    0.7163    0.5685    0.6369    0.3499   0.04361   0.01849         0
    17/299     4.65G   0.04507   0.02373         0    0.0688        17       640    0.7377    0.5666     0.646    0.3568   0.04325   0.01811         0
    18/299     4.65G   0.04486   0.02354         0   0.06841        30       640    0.7211    0.5867    0.6496    0.3622   0.04281   0.01784         0
    19/299     4.65G   0.04463   0.02359         0   0.06821        42       640    0.7534    0.5692    0.6555    0.3692   0.04257    0.0176         0
    20/299     4.65G   0.04434   0.02337         0   0.06771        49       640    0.7458    0.5832    0.6637    0.3739   0.04224   0.01727         0
    21/299     4.65G   0.04423   0.02332         0   0.06755        32       640    0.7433    0.5916    0.6683    0.3765   0.04223   0.01703         0
    22/299     4.65G   0.04407   0.02317         0   0.06724        31       640    0.7648    0.5852    0.6758    0.3857   0.04191   0.01694         0
    23/299     4.65G   0.04397   0.02324         0   0.06721        34       640     0.758    0.5946    0.6801     0.388   0.04174   0.01677         0
    24/299     4.65G   0.04386   0.02316         0   0.06702        20       640    0.7333    0.6158    0.6838    0.3942   0.04145   0.01659         0
    25/299     4.65G   0.04373   0.02311         0   0.06684        20       640    0.7577    0.6053     0.686    0.3957    0.0411   0.01644         0
    26/299     4.65G   0.04357   0.02301         0   0.06658        16       640    0.7452    0.6139    0.6887    0.3972   0.04103   0.01626         0
    27/299     4.65G   0.04342   0.02301         0   0.06643        27       640    0.7516    0.6096    0.6884    0.3999   0.04079   0.01624         0
    28/299     4.65G   0.04326   0.02298         0   0.06625        31       640    0.7575    0.6115     0.693    0.4021   0.04089   0.01616         0
    29/299     4.65G   0.04317   0.02284         0   0.06601        36       640    0.7587    0.6135    0.6978    0.4074   0.04059   0.01605         0
    30/299     4.65G   0.04307   0.02271         0   0.06578        23       640    0.7511     0.618    0.6971    0.4085   0.04042   0.01602         0
    31/299     4.65G   0.04304   0.02275         0    0.0658        20       640    0.7754    0.6048    0.6963    0.4079   0.04046   0.01602         0
    32/299     4.65G   0.04293   0.02276         0   0.06568        15       640    0.7724    0.6139    0.7005    0.4137   0.04024   0.01593         0
    33/299     4.65G   0.04278   0.02265         0   0.06543        37       640    0.7738    0.6135    0.7013    0.4141   0.04014    0.0158         0
    34/299     4.65G   0.04273   0.02265         0   0.06538        38       640    0.7496    0.6289    0.6995    0.4118   0.04021   0.01585         0
    35/299     4.65G   0.04261   0.02269         0    0.0653        37       640     0.769    0.6185    0.7018    0.4138   0.04003   0.01587         0
    36/299     4.65G    0.0426   0.02265         0   0.06525        15       640     0.756    0.6258    0.7045    0.4171   0.03981   0.01575         0
    37/299     4.65G   0.04269   0.02255         0   0.06524        36       640     0.765    0.6213    0.7051    0.4184   0.03977   0.01571         0
    38/299     4.65G   0.04245   0.02248         0   0.06493        18       640    0.7506    0.6311    0.7029    0.4193   0.03967   0.01577         0
    39/299     4.65G   0.04235   0.02249         0   0.06484        29       640    0.7532     0.628    0.6987    0.4168   0.03973   0.01586         0
    40/299     4.65G   0.04227   0.02247         0   0.06474        33       640     0.776    0.6161    0.7039    0.4207   0.03955   0.01574         0
    41/299     4.65G   0.04223   0.02244         0   0.06467        28       640    0.7814    0.6101    0.7039     0.421   0.03941   0.01576         0
    42/299     4.65G   0.04213    0.0223         0   0.06443        59       640    0.7732    0.6207    0.7069     0.421   0.03944   0.01569         0
    43/299     4.65G   0.04216   0.02238         0   0.06455        20       640    0.7844    0.6088    0.7059    0.4187    0.0395   0.01572         0
    44/299     4.65G   0.04207   0.02232         0   0.06438        24       640    0.7628    0.6284    0.7097    0.4226   0.03944   0.01561         0
    45/299     4.65G   0.04197   0.02235         0   0.06432        13       640    0.7512    0.6398    0.7122    0.4257   0.03937   0.01559         0
    46/299     4.65G   0.04187   0.02217         0   0.06404         8       640    0.7794    0.6248    0.7137    0.4288   0.03921   0.01551         0
    47/299     4.65G   0.04186   0.02228         0   0.06415        27       640    0.7646    0.6431    0.7175    0.4324   0.03911   0.01544         0
    48/299     4.65G    0.0418   0.02228         0   0.06408        41       640    0.7685    0.6414    0.7199    0.4336   0.03895   0.01545         0
    49/299     4.65G   0.04176    0.0221         0   0.06387        23       640    0.7684    0.6402    0.7195    0.4336   0.03909   0.01544         0
    50/299     4.65G    0.0417   0.02218         0   0.06388        28       640    0.7663    0.6424    0.7199    0.4335   0.03918   0.01541         0
    51/299     4.65G    0.0416   0.02214         0   0.06375        32       640    0.7685    0.6362    0.7195     0.432   0.03902   0.01547         0
    52/299     4.65G   0.04165   0.02215         0   0.06379        21       640    0.7578    0.6513    0.7216     0.436   0.03884    0.0155         0
    53/299     4.65G   0.04156   0.02216         0   0.06373        30       640    0.7756    0.6325    0.7191    0.4351   0.03886   0.01548         0
    54/299     4.65G   0.04146    0.0221         0   0.06357        43       640    0.7793    0.6329    0.7175    0.4332   0.03891   0.01559         0
    55/299     4.65G   0.04155   0.02205         0   0.06361        22       640    0.7567    0.6522    0.7213    0.4373   0.03873   0.01545         0
     0/299     4.64G   0.09377   0.03369         0    0.1275        37       640    0.1265    0.1658    0.0609   0.01328   0.08172   0.02565         0
     1/299     4.65G   0.07132   0.03147         0    0.1028        41       640    0.4632    0.3361    0.3364    0.1248   0.06176   0.02176         0
     2/299     4.65G   0.06114   0.02934         0   0.09048        15       640    0.5868    0.3992    0.4394    0.1904   0.05561   0.02112         0
     3/299     4.65G    0.0561   0.02807         0   0.08417        51       640    0.6059    0.4399    0.4832    0.2244   0.05222   0.02103         0
     4/299     4.65G   0.05306   0.02706         0   0.08012        37       640    0.6574    0.4603    0.5202    0.2529   0.05049   0.02049         0
     5/299     4.65G   0.05134   0.02645         0   0.07779        36       640    0.6696    0.4642    0.5299    0.2611   0.04979   0.02047         0
     6/299     4.65G   0.05011    0.0259         0   0.07601        37       640    0.6325    0.5058    0.5423    0.2692   0.04894   0.02038         0
     7/299     4.65G   0.04921   0.02547         0   0.07468        39       640    0.6736    0.4975    0.5589    0.2823   0.04844   0.02024         0
     8/299     4.65G   0.04846   0.02519         0   0.07365        16       640    0.6876    0.5035    0.5669    0.2909   0.04768   0.02049         0
     9/299     4.65G   0.04788   0.02496         0   0.07284        16       640    0.6817    0.5164    0.5751    0.2963   0.04703   0.02017         0
    10/299     4.65G   0.04737   0.02478         0   0.07216        28       640    0.6895     0.506    0.5701    0.2942   0.04717   0.02062         0
    11/299     4.65G   0.04699   0.02457         0   0.07156        19       640    0.7276    0.5108    0.5914    0.3102   0.04623   0.02006         0
    12/299     4.65G   0.04645   0.02433         0   0.07078        29       640    0.7358    0.5201    0.6038    0.3177   0.04587   0.01976         0
    13/299     4.65G   0.04614   0.02427         0   0.07041        19       640    0.7093    0.5423    0.6129    0.3269   0.04539   0.01939         0
    14/299     4.65G   0.04581   0.02413         0   0.06994        23       640    0.7328    0.5355    0.6167    0.3302   0.04507    0.0191         0
    15/299     4.65G   0.04561   0.02384         0   0.06945        53       640    0.7173     0.555    0.6241    0.3391   0.04476   0.01885         0
    16/299     4.65G   0.04534   0.02388         0   0.06922        48       640    0.7327    0.5684    0.6442    0.3539   0.04394   0.01812         0
    17/299     4.65G   0.04516   0.02376         0   0.06891        17       640    0.7572     0.556    0.6465    0.3595   0.04357   0.01831         0
    18/299     4.65G   0.04492   0.02358         0   0.06849        30       640    0.7544    0.5622    0.6547    0.3642   0.04317   0.01777         0
    19/299     4.65G   0.04467   0.02362         0   0.06828        42       640     0.737    0.5871    0.6631     0.371   0.04286   0.01725         0
    20/299     4.65G   0.04439   0.02343         0   0.06781        49       640     0.752    0.5872    0.6672    0.3766   0.04236   0.01692         0
    21/299     4.65G   0.04429   0.02335         0   0.06764        32       640     0.753    0.5929    0.6735    0.3815   0.04202   0.01669         0
    22/299     4.65G   0.04411   0.02319         0    0.0673        31       640    0.7312    0.6081     0.676    0.3856   0.04183   0.01655         0
    23/299     4.65G   0.04402   0.02328         0    0.0673        34       640    0.7477    0.5981     0.679     0.388    0.0416   0.01648         0
    24/299     4.65G   0.04388   0.02317         0   0.06704        20       640    0.7472    0.5983    0.6769    0.3875    0.0415   0.01655         0
    25/299     4.65G   0.04378   0.02313         0   0.06691        20       640     0.735    0.6121    0.6816    0.3896   0.04181   0.01655         0
    26/299     4.65G   0.04358   0.02304         0   0.06661        16       640    0.7545    0.6081    0.6879    0.3988   0.04115   0.01633         0
    27/299     4.65G   0.04345   0.02304         0   0.06649        27       640    0.7645    0.6031    0.6901    0.4014   0.04092   0.01617         0
    28/299     4.65G   0.04328     0.023         0   0.06628        31       640     0.751    0.6132    0.6914    0.3998   0.04084   0.01612         0
    29/299     4.65G   0.04319   0.02288         0   0.06607        36       640    0.7605    0.6071    0.6924    0.4015   0.04099   0.01612         0
    30/299     4.65G   0.04309   0.02274         0   0.06583        23       640     0.746    0.6156    0.6892    0.4002   0.04108   0.01618         0
    31/299     4.65G   0.04305   0.02279         0   0.06584        20       640    0.7616    0.6116    0.6943    0.4037   0.04076   0.01603         0
    32/299     4.65G   0.04294   0.02277         0   0.06571        15       640     0.762    0.6183    0.6996    0.4092   0.04036    0.0159         0
    33/299     4.65G   0.04281   0.02268         0   0.06549        37       640    0.7557    0.6281    0.7046    0.4138   0.04017   0.01586         0
    34/299     4.65G   0.04271   0.02268         0   0.06539        38       640    0.7509    0.6286    0.7033    0.4128   0.04008   0.01583         0
    35/299     4.65G   0.04263   0.02269         0   0.06531        37       640    0.7546    0.6321    0.7095    0.4202   0.03988   0.01574         0
    36/299     4.65G   0.04259   0.02266         0   0.06526        15       640    0.7718    0.6199    0.7078    0.4173   0.04008   0.01578         0
    37/299     4.65G   0.04266   0.02255         0   0.06521        36       640     0.751    0.6339    0.7096    0.4224   0.03981   0.01573         0
    38/299     4.65G   0.04248    0.0225         0   0.06498        18       640    0.7676    0.6305    0.7154    0.4239   0.03968   0.01569         0
    39/299     4.65G   0.04237   0.02249         0   0.06485        29       640    0.7613     0.634    0.7136    0.4248   0.03974    0.0157         0
    40/299     4.65G   0.04226   0.02246         0   0.06472        33       640    0.7799    0.6176    0.7103    0.4229   0.03976   0.01571         0
    41/299     4.65G   0.04221   0.02244         0   0.06465        28       640    0.7575    0.6391    0.7139    0.4271   0.03944    0.0157         0
    42/299     4.65G   0.04213   0.02231         0   0.06445        59       640    0.7526    0.6419    0.7145     0.429   0.03936   0.01571         0
    43/299     4.65G   0.04214   0.02241         0   0.06456        20       640    0.7599    0.6325    0.7156    0.4278   0.03944   0.01558         0
    44/299     4.65G   0.04203   0.02234         0   0.06437        24       640    0.7582    0.6316     0.711    0.4252   0.03938   0.01569         0
    45/299     4.65G   0.04195   0.02234         0   0.06429        13       640    0.7799    0.6278    0.7182    0.4315   0.03921    0.0156         0
    46/299     4.65G   0.04185   0.02217         0   0.06402         8       640    0.7646    0.6361    0.7179    0.4321   0.03916   0.01555         0
    47/299     4.65G   0.04187   0.02228         0   0.06415        27       640    0.7566    0.6426    0.7165     0.431    0.0391   0.01559         0
    48/299     4.65G   0.04179   0.02229         0   0.06408        41       640    0.7682    0.6356    0.7157    0.4302   0.03912   0.01558         0
    49/299     4.65G   0.04174   0.02208         0   0.06382        23       640    0.7551    0.6417    0.7169     0.431   0.03902   0.01551         0
    50/299     4.65G   0.04169   0.02217         0   0.06387        28       640    0.7555    0.6384    0.7159    0.4298   0.03908   0.01551         0
    51/299     4.65G   0.04158   0.02217         0   0.06375        32       640     0.764    0.6311    0.7167    0.4314    0.0389   0.01556         0
    52/299     4.65G   0.04161   0.02215         0   0.06375        21       640    0.7456     0.653    0.7203    0.4347   0.03896   0.01543         0
    53/299     4.65G   0.04155   0.02217         0   0.06373        30       640    0.7718    0.6399    0.7204    0.4354   0.03897   0.01544         0
    54/299     4.65G   0.04145    0.0221         0   0.06355        43       640    0.7629    0.6399    0.7201     0.437   0.03889   0.01535         0
    55/299     4.65G   0.04159   0.02207         0   0.06365        22       640    0.7794    0.6303    0.7207    0.4365   0.03897   0.01541         0
    56/299     4.65G   0.04138   0.02201         0   0.06339        13       640    0.7486    0.6539     0.723    0.4416   0.03863   0.01532         0
    57/299     4.65G   0.04136   0.02199         0   0.06334        24       640    0.7615    0.6445    0.7242    0.4414   0.03861   0.01548         0
    58/299     4.65G   0.04128   0.02198         0   0.06326        44       640     0.776    0.6376    0.7207    0.4397   0.03854   0.01543         0
    59/299     4.65G   0.04121   0.02205         0   0.06327        32       640    0.7521    0.6589    0.7265    0.4433   0.03847   0.01534         0
    60/299     4.65G   0.04119   0.02196         0   0.06315        27       640    0.7929    0.6306    0.7256    0.4431   0.03847    0.0153         0
    61/299     4.65G   0.04118   0.02191         0   0.06309        15       640    0.7594    0.6512    0.7245    0.4429   0.03855   0.01536         0
    62/299     4.65G   0.04107   0.02188         0   0.06295        41       640     0.775    0.6379    0.7231    0.4413   0.03858   0.01538         0
    63/299     4.65G   0.04106   0.02197         0   0.06303        53       640    0.7774    0.6349    0.7218      0.44   0.03856   0.01547         0
    64/299     4.65G   0.04095   0.02184         0   0.06279        32       640    0.7567    0.6457    0.7213    0.4398   0.03845   0.01544         0
    65/299     4.65G   0.04098   0.02187         0   0.06285        26       640    0.7892    0.6282    0.7195    0.4397   0.03861   0.01547         0
    66/299     4.65G   0.04102   0.02187         0   0.06288        24       640    0.7634    0.6457     0.725    0.4435   0.03836   0.01559         0
    67/299     4.65G   0.04094   0.02182         0   0.06275        35       640    0.7771    0.6446    0.7279    0.4442    0.0384   0.01532         0
    68/299     4.65G   0.04099   0.02189         0   0.06288        51       640    0.7973    0.6284     0.727    0.4444   0.03843   0.01535         0
    69/299     4.65G   0.04082   0.02179         0    0.0626        24       640    0.7866    0.6445    0.7306    0.4463   0.03836   0.01527         0
    70/299     4.65G   0.04085   0.02176         0   0.06261        31       640    0.7767    0.6428    0.7271    0.4445   0.03836   0.01521         0
    71/299     4.65G   0.04084    0.0217         0   0.06253         9       640    0.7774    0.6439    0.7292    0.4475   0.03826   0.01521         0
    72/299     4.65G   0.04081   0.02171         0   0.06252        29       640    0.7773    0.6425     0.731    0.4493   0.03823    0.0152         0
    73/299     4.65G   0.04072   0.02171         0   0.06243        31       640     0.775     0.648    0.7312    0.4506   0.03816   0.01528         0
    74/299     4.65G   0.04063   0.02171         0   0.06234        27       640    0.7756     0.644    0.7283    0.4459   0.03844   0.01537         0
    75/299     4.65G   0.04064   0.02162         0   0.06227        34       640    0.7667    0.6542    0.7294    0.4485   0.03823   0.01532         0
    76/299     4.65G   0.04058   0.02162         0   0.06219         9       640    0.7805    0.6418    0.7295    0.4463   0.03834   0.01528         0
    77/299     4.65G   0.04054   0.02157         0   0.06212        34       640    0.7924    0.6337    0.7295    0.4465   0.03832   0.01529         0
    78/299     4.65G   0.04058   0.02166         0   0.06223        18       640    0.7812    0.6437    0.7289    0.4456   0.03828   0.01535         0
    79/299     4.65G   0.04051    0.0216         0   0.06211        17       640    0.7852    0.6396    0.7295    0.4477   0.03817   0.01531         0
    80/299     4.65G   0.04047   0.02159         0   0.06206        54       640    0.7843    0.6435    0.7292    0.4475   0.03816   0.01538         0
    81/299     4.65G   0.04049   0.02168         0   0.06217        26       640    0.7726    0.6455    0.7299    0.4489    0.0382   0.01528         0
    82/299     4.65G   0.04049    0.0215         0   0.06199        24       640     0.796    0.6398    0.7344     0.452     0.038   0.01529         0
    83/299     4.65G   0.04038   0.02153         0   0.06191        32       640    0.7954    0.6395    0.7344     0.452   0.03806   0.01522         0
    84/299     4.65G   0.04041   0.02149         0    0.0619         9       640    0.7726    0.6526    0.7327    0.4491   0.03812   0.01527         0
    85/299     4.65G    0.0404   0.02153         0   0.06193        15       640    0.7757    0.6485     0.732    0.4492   0.03802   0.01528         0
    86/299     4.65G   0.04035   0.02151         0   0.06185        34       640    0.7794    0.6517     0.736    0.4549   0.03784   0.01522         0
    87/299     4.65G   0.04039   0.02156         0   0.06195        32       640    0.7772    0.6547    0.7371    0.4549   0.03779    0.0152         0
    88/299     4.65G   0.04033   0.02157         0    0.0619        39       640    0.7899    0.6404    0.7336    0.4529   0.03788   0.01533         0
    89/299     4.65G   0.04019   0.02155         0   0.06174        29       640    0.7706    0.6586    0.7366    0.4555   0.03785    0.0152         0
    90/299     4.65G   0.04023   0.02136         0   0.06158        26       640    0.7866    0.6457    0.7359     0.455    0.0379   0.01512         0
    91/299     4.65G   0.04018   0.02144         0   0.06161        26       640    0.7745    0.6545    0.7381    0.4555   0.03796   0.01512         0
    92/299     4.65G    0.0402   0.02142         0   0.06161        32       640    0.7952    0.6386    0.7369    0.4544   0.03781   0.01516         0
    93/299     4.65G   0.04016   0.02135         0   0.06151        22       640    0.7877    0.6407     0.735     0.454    0.0379   0.01514         0
    94/299     4.65G    0.0401   0.02129         0   0.06139        27       640    0.7832    0.6517    0.7376    0.4576   0.03769   0.01507         0
    95/299     4.65G   0.04009   0.02137         0   0.06146        42       640    0.7818    0.6528     0.737    0.4566   0.03769   0.01507         0
    96/299     4.65G   0.04009   0.02132         0   0.06142        34       640    0.7864     0.645    0.7358    0.4561   0.03777   0.01508         0
    97/299     4.65G    0.0401   0.02143         0   0.06153        17       640    0.7702    0.6595    0.7379    0.4583   0.03772   0.01504         0
    98/299     4.65G   0.03999   0.02132         0   0.06131        25       640    0.7941    0.6447    0.7389    0.4571   0.03766   0.01503         0
    99/299     4.65G   0.04013   0.02133         0   0.06146        24       640    0.7845    0.6525    0.7393    0.4575   0.03761   0.01504         0
   100/299     4.65G   0.03993   0.02124         0   0.06117        51       640    0.7866    0.6484     0.738    0.4567   0.03763   0.01505         0
   101/299     4.65G   0.03992   0.02132         0   0.06124        27       640    0.7782     0.651    0.7368    0.4572   0.03764   0.01503         0
   102/299     4.65G   0.03994   0.02124         0   0.06118        38       640    0.7683    0.6593    0.7375    0.4547   0.03771   0.01498         0
   103/299     4.65G   0.03986   0.02124         0    0.0611        32       640    0.7767    0.6542    0.7398    0.4594   0.03749   0.01495         0
   104/299     4.65G   0.03995   0.02132         0   0.06127        22       640    0.7742    0.6541    0.7397    0.4594   0.03761   0.01496         0
   105/299     4.65G    0.0398   0.02116         0   0.06096        19       640     0.788    0.6501    0.7404    0.4584   0.03761   0.01496         0
   106/299     4.65G   0.03976   0.02118         0   0.06094        40       640     0.755    0.6702    0.7396    0.4594   0.03752   0.01507         0
   107/299     4.65G   0.03992   0.02118         0    0.0611        12       640    0.7853     0.651    0.7385    0.4584   0.03763   0.01502         0
   108/299     4.65G   0.03982   0.02138         0    0.0612        59       640    0.7895    0.6519    0.7414    0.4603   0.03756   0.01496         0
   109/299     4.65G   0.03979   0.02112         0   0.06091        43       640    0.7855    0.6513    0.7394    0.4588   0.03761   0.01499         0
   110/299     4.65G   0.03971   0.02105         0   0.06077        18       640    0.7847    0.6509    0.7382    0.4597   0.03753   0.01499         0
   111/299     4.65G   0.03982   0.02123         0   0.06105        19       640    0.7905    0.6462    0.7375      0.46   0.03742     0.015         0
   112/299     4.65G   0.03969   0.02121         0   0.06091        16       640     0.786    0.6472    0.7392    0.4615   0.03751   0.01496         0
   113/299     4.65G   0.03965   0.02118         0   0.06083        35       640    0.7851    0.6525    0.7412    0.4608    0.0375   0.01492         0
   114/299     4.65G   0.03961   0.02102         0   0.06064        21       640    0.7675      0.67     0.743    0.4629   0.03732   0.01491         0
   115/299     4.65G   0.03962   0.02122         0   0.06083         7       640    0.7778    0.6567    0.7399    0.4609   0.03741   0.01498         0
   116/299     4.65G   0.03966   0.02114         0    0.0608        33       640    0.7994    0.6366    0.7328     0.455   0.03773   0.01504         0
   117/299     4.65G    0.0396   0.02114         0   0.06074        22       640    0.7785    0.6499    0.7361    0.4587   0.03752   0.01503         0
   118/299     4.65G   0.03956   0.02118         0   0.06074        16       640    0.7762     0.653    0.7376    0.4605   0.03753   0.01501         0
   119/299     4.65G    0.0396   0.02106         0   0.06066        25       640    0.7934    0.6472    0.7374     0.458   0.03757   0.01501         0
   120/299     4.65G   0.03966   0.02115         0   0.06081        30       640    0.7699    0.6596    0.7375    0.4581    0.0375     0.015         0
   121/299     4.65G   0.03956    0.0211         0   0.06066        43       640    0.7802    0.6549    0.7389    0.4598   0.03741   0.01496         0
   122/299     4.65G   0.03944   0.02109         0   0.06052        24       640    0.7924    0.6437    0.7372    0.4578   0.03741   0.01499         0
   123/299     4.65G   0.03955   0.02101         0   0.06056        23       640    0.7837    0.6539    0.7396    0.4592   0.03746   0.01497         0
   124/299     4.65G   0.03945   0.02105         0    0.0605        23       640    0.7877    0.6485    0.7384    0.4577   0.03737   0.01501         0
   125/299     4.65G   0.03947   0.02104         0   0.06051        47       640    0.7839    0.6446     0.734    0.4529   0.03761   0.01507         0
   126/299     4.65G   0.03952   0.02104         0   0.06056        32       640    0.7923    0.6379    0.7349    0.4534   0.03765   0.01504         0
   127/299     4.65G   0.03937   0.02109         0   0.06047        35       640     0.779    0.6475    0.7333    0.4532   0.03768   0.01511         0
   128/299     4.65G   0.03933   0.02092         0   0.06025        27       640    0.7801    0.6511    0.7362    0.4565    0.0376   0.01506         0
   129/299     4.65G   0.03939   0.02098         0   0.06037        21       640    0.7954    0.6396     0.736    0.4583   0.03766   0.01504         0
   130/299     4.65G   0.03928   0.02092         0    0.0602        26       640    0.7859    0.6478    0.7393    0.4594   0.03756   0.01501         0
   131/299     4.65G   0.03934   0.02098         0   0.06032        24       640    0.7895    0.6393    0.7322     0.455   0.03754   0.01512         0
   132/299     4.65G    0.0393   0.02095         0   0.06025        27       640    0.7915    0.6407    0.7393    0.4597   0.03736   0.01498         0
   133/299     4.65G   0.03928   0.02092         0   0.06019        23       640    0.7798    0.6544    0.7407    0.4618   0.03724   0.01491         0
   134/299     4.65G   0.03933   0.02105         0   0.06037        24       640    0.8126    0.6335    0.7432    0.4636   0.03725   0.01487         0
   135/299     4.65G   0.03933     0.021         0   0.06033         4       640    0.7825    0.6537    0.7406     0.462   0.03723   0.01492         0
   136/299     4.65G   0.03926   0.02104         0    0.0603        20       640    0.7998    0.6498    0.7458    0.4654   0.03715   0.01488         0
   137/299     4.65G   0.03916   0.02092         0   0.06009        24       640    0.7689    0.6638    0.7416     0.463    0.0374   0.01487         0
   138/299     4.65G   0.03912   0.02089         0   0.06001        39       640     0.791    0.6557    0.7452    0.4656   0.03719   0.01483         0
   139/299     4.65G   0.03917   0.02106         0   0.06023        24       640    0.7869    0.6539    0.7438    0.4664   0.03714   0.01482         0
   140/299     4.65G   0.03921   0.02098         0   0.06019         9       640    0.8175      0.64    0.7479    0.4668   0.03714   0.01482         0
   141/299     4.65G   0.03914   0.02093         0   0.06007        19       640    0.8082     0.643    0.7468    0.4676   0.03709   0.01485         0
   142/299     4.65G   0.03912   0.02082         0   0.05995        70       640    0.7986     0.651    0.7465    0.4691   0.03704   0.01488         0
   143/299     4.65G   0.03909   0.02087         0   0.05996        21       640    0.7797    0.6636    0.7482    0.4673   0.03712   0.01489         0
   144/299     4.65G   0.03911   0.02083         0   0.05995        34       640    0.8034    0.6483    0.7488    0.4692   0.03699   0.01483         0
   145/299     4.65G   0.03908   0.02073         0   0.05982        46       640    0.7971    0.6559    0.7505    0.4692   0.03692   0.01482         0
   146/299     4.65G   0.03907   0.02089         0   0.05997        33       640    0.8013    0.6482    0.7478    0.4692   0.03702   0.01485         0
   147/299     4.65G   0.03898   0.02088         0   0.05986        26       640    0.7907    0.6585    0.7482    0.4689   0.03695   0.01482         0
   148/299     4.65G   0.03902   0.02084         0   0.05986         9       640    0.7986    0.6519    0.7494     0.469   0.03693   0.01487         0
   149/299     4.65G   0.03903   0.02078         0   0.05981         9       640    0.7742    0.6675    0.7469    0.4687   0.03688   0.01489         0
   150/299     4.65G   0.03899   0.02085         0   0.05985        52       640    0.7909    0.6588    0.7474     0.469   0.03697   0.01489         0
   151/299     4.65G   0.03906   0.02086         0   0.05992        39       640    0.8028    0.6445    0.7451    0.4674     0.037   0.01494         0
     0/299     4.64G   0.09338   0.03364         0     0.127        37       640    0.1455    0.1448   0.06473   0.01641    0.0802   0.02524         0
     1/299     4.65G    0.0707   0.03133         0     0.102        41       640    0.4913    0.3424    0.3505    0.1331   0.06087    0.0216         0
     2/299     4.65G   0.06071   0.02922         0   0.08994        15       640    0.5618    0.4166    0.4442    0.1946   0.05519   0.02058         0
     3/299     4.65G   0.05583   0.02798         0   0.08381        51       640    0.6246     0.436    0.4885      0.23   0.05219   0.02052         0
     4/299     4.65G   0.05285   0.02699         0   0.07983        37       640    0.6422    0.4516    0.5077    0.2464   0.05078   0.02064         0
     5/299     4.65G   0.05114   0.02641         0   0.07755        36       640    0.6453    0.4808    0.5311    0.2631    0.0496   0.02026         0
     6/299     4.65G   0.04996   0.02585         0   0.07581        37       640    0.6415    0.4829    0.5311     0.267   0.04921   0.02105         0
     7/299     4.65G   0.04908   0.02545         0   0.07452        39       640    0.6797      0.49    0.5518    0.2812   0.04846   0.02069         0
     8/299     4.65G   0.04833   0.02516         0   0.07349        16       640    0.7109    0.4997    0.5752    0.2946   0.04758   0.01981         0
     9/299     4.65G   0.04775   0.02495         0    0.0727        16       640    0.6892    0.5084    0.5734    0.2961   0.04712   0.02019         0
    10/299     4.65G   0.04729   0.02476         0   0.07205        28       640    0.7166    0.5091    0.5872    0.3047   0.04657   0.02032         0
    11/299     4.65G   0.04692   0.02455         0   0.07148        19       640    0.7143    0.5181    0.5912    0.3067   0.04633   0.02032         0
    12/299     4.65G   0.04639   0.02434         0   0.07074        29       640    0.7385    0.5174    0.6047    0.3177   0.04562   0.02016         0
    13/299     4.65G   0.04606   0.02426         0   0.07031        19       640    0.7267    0.5217    0.6008    0.3213   0.04531   0.02068         0
    14/299     4.65G   0.04571   0.02411         0   0.06982        23       640    0.7064    0.5381    0.6073     0.327   0.04485   0.02026         0
    15/299     4.65G   0.04554   0.02383         0   0.06937        53       640    0.7123    0.5485    0.6159    0.3353   0.04425   0.01938         0
    16/299     4.65G   0.04527   0.02386         0   0.06914        48       640    0.7266    0.5503    0.6286     0.345   0.04355   0.01854         0
    17/299     4.65G   0.04513   0.02375         0   0.06888        17       640    0.7367    0.5608     0.642     0.353   0.04328   0.01782         0
    18/299     4.65G   0.04488   0.02357         0   0.06844        30       640    0.7099    0.5894    0.6503    0.3614   0.04294   0.01758         0
    19/299     4.65G   0.04462    0.0236         0   0.06822        42       640    0.7465    0.5785    0.6589    0.3685   0.04252   0.01714         0
    20/299     4.65G   0.04433   0.02339         0   0.06772        49       640    0.7504     0.583    0.6639    0.3727   0.04232   0.01713         0
    21/299     4.65G   0.04421   0.02334         0   0.06756        32       640    0.7463     0.584    0.6652    0.3765   0.04196   0.01682         0
    22/299     4.65G   0.04408   0.02318         0   0.06726        31       640     0.731    0.6083    0.6731    0.3812   0.04173   0.01661         0
    23/299     4.65G   0.04396   0.02326         0   0.06722        34       640    0.7349    0.6094    0.6778    0.3838   0.04159   0.01653         0
    24/299     4.65G   0.04385   0.02316         0   0.06702        20       640    0.7167    0.6146    0.6767    0.3845   0.04143   0.01653         0
    25/299     4.65G   0.04377   0.02312         0   0.06688        20       640    0.7579    0.5977    0.6847    0.3933   0.04121    0.0164         0
    26/299     4.65G   0.04356   0.02303         0   0.06659        16       640    0.7543    0.6088    0.6924    0.4005   0.04098   0.01621         0
    27/299     4.65G   0.04345   0.02302         0   0.06647        27       640    0.7887    0.5956     0.697    0.4041   0.04083   0.01608         0
    28/299     4.65G    0.0433     0.023         0    0.0663        31       640     0.775    0.5993    0.6922    0.4012    0.0408    0.0162         0
    29/299     4.65G   0.04313   0.02286         0   0.06599        36       640    0.7435    0.6244    0.6962    0.4062   0.04045     0.016         0
    30/299     4.65G   0.04307   0.02274         0   0.06581        23       640    0.7575    0.6177     0.697    0.4065   0.04053   0.01594         0
    31/299     4.65G   0.04302   0.02277         0    0.0658        20       640    0.7505     0.624    0.6991    0.4099   0.04044   0.01595         0
    32/299     4.65G   0.04293   0.02277         0    0.0657        15       640     0.763    0.6183    0.7015    0.4125   0.04028   0.01584         0
    33/299     4.65G   0.04278   0.02267         0   0.06544        37       640    0.7596    0.6275    0.7036    0.4124   0.04017   0.01584         0
    34/299     4.65G   0.04274   0.02268         0   0.06542        38       640    0.7694    0.6214    0.7053    0.4154   0.03997   0.01577         0
    35/299     4.65G   0.04265   0.02269         0   0.06534        37       640    0.7352    0.6379    0.7021    0.4145   0.03986   0.01589         0
    36/299     4.65G   0.04259   0.02266         0   0.06525        15       640    0.7722    0.6206    0.7052    0.4195    0.0398   0.01579         0
    37/299     4.65G   0.04266   0.02254         0    0.0652        36       640    0.7552    0.6334    0.7085     0.419   0.03967   0.01583         0
    38/299     4.65G   0.04247    0.0225         0   0.06497        18       640    0.7613    0.6279    0.7085    0.4185   0.03965   0.01572         0
    39/299     4.65G   0.04238   0.02248         0   0.06485        29       640    0.7855    0.6096    0.7078    0.4195   0.03961   0.01585         0
    40/299     4.65G   0.04226   0.02247         0   0.06473        33       640    0.7777    0.6162     0.708    0.4215   0.03955   0.01578         0
    41/299     4.65G   0.04222   0.02245         0   0.06467        28       640    0.7403    0.6439    0.7077    0.4219    0.0395   0.01578         0
    42/299     4.65G   0.04211   0.02231         0   0.06442        59       640     0.776    0.6188    0.7098    0.4228   0.03956   0.01573         0
    43/299     4.65G   0.04211    0.0224         0   0.06451        20       640    0.7614    0.6307    0.7135    0.4262   0.03944   0.01565         0
    44/299     4.65G   0.04205   0.02234         0   0.06439        24       640      0.75    0.6498    0.7197    0.4309   0.03925    0.0155         0
    45/299     4.65G   0.04199   0.02237         0   0.06436        13       640    0.7618    0.6407    0.7187    0.4312   0.03921   0.01555         0
    46/299     4.65G   0.04188   0.02217         0   0.06405         8       640    0.7822    0.6249    0.7162    0.4286   0.03935   0.01557         0
    47/299     4.65G   0.04188   0.02229         0   0.06417        27       640    0.7608    0.6406    0.7174    0.4296   0.03928    0.0156         0
    48/299     4.65G    0.0418   0.02229         0   0.06408        41       640    0.7771    0.6316    0.7178    0.4303   0.03907   0.01553         0
    49/299     4.65G   0.04176   0.02209         0   0.06386        23       640    0.7649     0.638    0.7153    0.4287   0.03909   0.01555         0
    50/299     4.65G   0.04169   0.02216         0   0.06386        28       640    0.7587    0.6435    0.7164    0.4305   0.03913    0.0155         0
    51/299     4.65G   0.04159   0.02215         0   0.06374        32       640    0.7614    0.6479    0.7214    0.4357   0.03885   0.01542         0
    52/299     4.65G   0.04163   0.02214         0   0.06376        21       640     0.764    0.6458    0.7238    0.4352   0.03889   0.01547         0
    53/299     4.65G   0.04153   0.02217         0    0.0637        30       640     0.767    0.6397    0.7215    0.4351    0.0389   0.01541         0
    54/299     4.65G   0.04146   0.02211         0   0.06357        43       640    0.7744    0.6321    0.7232    0.4363   0.03877   0.01538         0
    55/299     4.65G   0.04156   0.02205         0   0.06362        22       640    0.7658    0.6368    0.7177    0.4326   0.03899   0.01546         0
    56/299     4.65G   0.04142   0.02201         0   0.06344        13       640    0.7575    0.6465    0.7203    0.4352   0.03889   0.01545         0
    57/299     4.65G   0.04134     0.022         0   0.06334        24       640    0.7768    0.6364    0.7229    0.4359   0.03888   0.01545         0
    58/299     4.65G   0.04131   0.02196         0   0.06327        44       640    0.7803    0.6357    0.7235    0.4392   0.03872   0.01536         0
    59/299     4.65G   0.04122   0.02207         0   0.06329        32       640    0.7723    0.6454    0.7228    0.4361   0.03874   0.01538         0
    60/299     4.65G   0.04124   0.02197         0   0.06321        27       640    0.7792    0.6369     0.721    0.4355   0.03871   0.01543         0
    61/299     4.65G    0.0412   0.02191         0   0.06312        15       640    0.7506     0.653    0.7199    0.4342   0.03879   0.01544         0
    62/299     4.65G   0.04106   0.02187         0   0.06292        41       640    0.7866     0.637    0.7266    0.4417   0.03861   0.01532         0
    63/299     4.65G   0.04111   0.02197         0   0.06309        53       640    0.7662    0.6507    0.7267    0.4431   0.03851   0.01528         0
    64/299     4.65G   0.04095   0.02186         0   0.06281        32       640    0.7931    0.6362    0.7287    0.4438   0.03852   0.01524         0
    65/299     4.65G   0.04101   0.02187         0   0.06288        26       640    0.7741    0.6519    0.7331     0.446   0.03844   0.01519         0
    66/299     4.65G   0.04103   0.02188         0   0.06291        24       640    0.7839     0.635    0.7292    0.4443    0.0384   0.01526         0
    67/299     4.65G   0.04101   0.02183         0   0.06284        35       640    0.7887    0.6316    0.7236    0.4417   0.03866   0.01523         0
    68/299     4.65G   0.04097   0.02188         0   0.06284        51       640    0.7958    0.6346    0.7298    0.4456   0.03853   0.01522         0
    69/299     4.65G   0.04084    0.0218         0   0.06264        24       640    0.7795    0.6424    0.7278    0.4425   0.03856   0.01525         0
    70/299     4.65G   0.04086   0.02176         0   0.06262        31       640    0.7553    0.6634    0.7318    0.4468   0.03834   0.01532         0
    71/299     4.65G   0.04086    0.0217         0   0.06256         9       640    0.7767    0.6477      0.73    0.4459   0.03837   0.01548         0
    72/299     4.65G   0.04085   0.02173         0   0.06258        29       640    0.7649    0.6603    0.7325    0.4474   0.03834   0.01531         0
    73/299     4.65G   0.04077   0.02171         0   0.06247        31       640    0.7648    0.6561    0.7345    0.4485    0.0383   0.01533         0
    74/299     4.65G   0.04064    0.0217         0   0.06234        27       640    0.7671    0.6494    0.7299    0.4454    0.0384   0.01539         0
    75/299     4.65G   0.04067   0.02162         0   0.06229        34       640    0.7903    0.6356    0.7308    0.4466   0.03837   0.01527         0
    76/299     4.65G   0.04063   0.02162         0   0.06224         9       640    0.7922    0.6357    0.7299    0.4452   0.03838   0.01524         0
    77/299     4.65G   0.04059   0.02157         0   0.06215        34       640     0.777    0.6433    0.7303     0.447   0.03834   0.01524         0
    78/299     4.65G   0.04063   0.02166         0   0.06229        18       640    0.7924    0.6305    0.7284    0.4454   0.03831   0.01527         0
    79/299     4.65G   0.04053   0.02158         0   0.06211        17       640    0.7843     0.637    0.7303    0.4471   0.03824   0.01528         0
    80/299     4.65G   0.04051    0.0216         0   0.06211        54       640    0.7885    0.6335    0.7277    0.4461   0.03815   0.01527         0
    81/299     4.65G   0.04053    0.0217         0   0.06223        26       640    0.7815    0.6425    0.7332    0.4499   0.03798   0.01519         0
    82/299     4.65G   0.04052    0.0215         0   0.06203        24       640    0.7883    0.6405     0.733      0.45   0.03797   0.01516         0
    83/299     4.65G   0.04039   0.02153         0   0.06192        32       640    0.7791    0.6469    0.7327    0.4504   0.03797   0.01523         0
    84/299     4.65G   0.04045    0.0215         0   0.06196         9       640    0.7986    0.6391    0.7371    0.4537   0.03794   0.01511         0
    85/299     4.65G   0.04043   0.02154         0   0.06197        15       640    0.7938    0.6401    0.7336    0.4515   0.03794   0.01515         0
    86/299     4.65G   0.04037   0.02151         0   0.06189        34       640    0.7584    0.6681    0.7363    0.4522   0.03801   0.01511         0
    87/299     4.65G   0.04043   0.02156         0   0.06199        32       640    0.7861    0.6485    0.7358    0.4529   0.03796   0.01512         0
    88/299     4.65G   0.04038   0.02157         0   0.06195        39       640    0.7767     0.653    0.7335    0.4517   0.03803   0.01518         0
    89/299     4.65G   0.04021   0.02155         0   0.06176        29       640    0.7893    0.6482    0.7344     0.451   0.03799   0.01515         0
    90/299     4.65G   0.04025   0.02135         0    0.0616        26       640    0.7853    0.6542    0.7386    0.4547   0.03805    0.0151         0
    91/299     4.65G   0.04019   0.02143         0   0.06162        26       640    0.8012    0.6444    0.7404    0.4544   0.03799   0.01513         0
    92/299     4.65G   0.04025   0.02141         0   0.06167        32       640    0.7847    0.6513    0.7377    0.4552    0.0379   0.01519         0
    93/299     4.65G    0.0402   0.02138         0   0.06158        22       640    0.7824    0.6543    0.7395    0.4555   0.03794   0.01518         0
    94/299     4.65G   0.04015   0.02128         0   0.06144        27       640    0.7689    0.6647    0.7416    0.4576   0.03784   0.01513         0
    95/299     4.65G   0.04014   0.02137         0   0.06151        42       640    0.8072    0.6369    0.7398    0.4556   0.03787   0.01508         0
    96/299     4.65G   0.04012   0.02134         0   0.06146        34       640     0.791    0.6519    0.7421    0.4588   0.03777     0.015         0
    97/299     4.65G   0.04012   0.02141         0   0.06153        17       640    0.7864    0.6546    0.7435    0.4591   0.03765     0.015         0
    98/299     4.65G   0.04001   0.02133         0   0.06134        25       640    0.7962    0.6506    0.7434    0.4596   0.03771   0.01503         0
    99/299     4.65G   0.04015   0.02135         0   0.06151        24       640    0.7807    0.6548    0.7394    0.4581   0.03764    0.0151         0
   100/299     4.65G      0.04   0.02125         0   0.06125        51       640    0.7978    0.6455    0.7411    0.4589   0.03771   0.01513         0
   101/299     4.65G   0.03995   0.02131         0   0.06126        27       640    0.8041    0.6429    0.7422    0.4585   0.03769   0.01507         0
   102/299     4.65G   0.03996   0.02121         0   0.06118        38       640     0.787    0.6507    0.7414    0.4605   0.03764   0.01504         0
   103/299     4.65G    0.0399   0.02126         0   0.06115        32       640    0.7702    0.6579    0.7357    0.4562   0.03775   0.01506         0
   104/299     4.65G      0.04    0.0213         0    0.0613        22       640    0.7881    0.6519    0.7408    0.4585   0.03775   0.01502         0
   105/299     4.65G   0.03984   0.02117         0   0.06101        19       640    0.7794     0.657    0.7415    0.4598   0.03765   0.01496         0
   106/299     4.65G   0.03979   0.02118         0   0.06097        40       640    0.7904    0.6496    0.7404    0.4587   0.03761   0.01502         0
   107/299     4.65G   0.03994   0.02118         0   0.06112        12       640    0.7672    0.6586    0.7348    0.4568   0.03766    0.0151         0
   108/299     4.65G   0.03984   0.02138         0   0.06121        59       640    0.7695    0.6529    0.7343    0.4548   0.03784   0.01516         0
   109/299     4.65G   0.03982   0.02112         0   0.06095        43       640    0.7685    0.6581    0.7369    0.4579   0.03761   0.01499         0
   110/299     4.65G   0.03973   0.02105         0   0.06079        18       640    0.8194    0.6266    0.7397    0.4596   0.03778   0.01498         0
   111/299     4.65G   0.03984   0.02123         0   0.06107        19       640    0.7857    0.6534    0.7405    0.4603   0.03779   0.01504         0
   112/299     4.65G   0.03973   0.02121         0   0.06094        16       640    0.8013    0.6432     0.741    0.4598   0.03763   0.01498         0
   113/299     4.65G   0.03967   0.02119         0   0.06086        35       640    0.7787    0.6614    0.7452    0.4643    0.0374   0.01492         0
   114/299     4.65G   0.03966   0.02103         0   0.06068        21       640    0.7835     0.658    0.7457    0.4638   0.03741   0.01493         0
   115/299     4.65G   0.03963   0.02121         0   0.06085         7       640    0.7902    0.6548    0.7458    0.4633   0.03742   0.01494         0
   116/299     4.65G   0.03966   0.02113         0   0.06079        33       640    0.7858    0.6593    0.7463    0.4664   0.03731   0.01486         0
   117/299     4.65G   0.03961   0.02112         0   0.06073        22       640    0.7795    0.6659    0.7442    0.4646   0.03743   0.01496         0
   118/299     4.65G   0.03959   0.02116         0   0.06075        16       640    0.7744    0.6632    0.7438    0.4647   0.03747   0.01499         0
   119/299     4.65G   0.03965   0.02107         0   0.06073        25       640    0.7747    0.6589    0.7398    0.4613   0.03763   0.01498         0
   120/299     4.65G    0.0397   0.02116         0   0.06086        30       640    0.7791    0.6587    0.7418    0.4625    0.0376   0.01496         0
   121/299     4.65G   0.03958   0.02108         0   0.06067        43       640    0.7869    0.6546    0.7424    0.4637   0.03756   0.01495         0
   122/299     4.65G   0.03946   0.02109         0   0.06056        24       640    0.7748     0.665    0.7425    0.4636   0.03758   0.01498         0
   123/299     4.65G   0.03957     0.021         0   0.06057        23       640    0.7903    0.6519    0.7436    0.4641   0.03763   0.01493         0
   124/299     4.65G    0.0395   0.02106         0   0.06056        23       640    0.7756    0.6636    0.7444    0.4635   0.03762   0.01489         0
   125/299     4.65G   0.03949   0.02106         0   0.06055        47       640    0.7772    0.6664     0.745    0.4656   0.03743   0.01488         0
   126/299     4.65G   0.03953   0.02103         0   0.06055        32       640    0.7975    0.6552    0.7458    0.4647   0.03746   0.01482         0
   127/299     4.65G   0.03939   0.02109         0   0.06048        35       640    0.8078    0.6447    0.7459    0.4651   0.03736   0.01478         0
   128/299     4.65G   0.03938   0.02094         0   0.06031        27       640    0.7766    0.6675    0.7452    0.4651    0.0374   0.01483         0
   129/299     4.65G   0.03941   0.02097         0   0.06038        21       640    0.7682    0.6711    0.7443    0.4665   0.03743   0.01476         0
   130/299     4.65G   0.03932   0.02092         0   0.06023        26       640    0.7761    0.6624    0.7454    0.4658   0.03731   0.01479         0
   131/299     4.65G   0.03938   0.02097         0   0.06035        24       640    0.7832    0.6583    0.7463    0.4664   0.03732    0.0148         0
   132/299     4.65G   0.03934   0.02094         0   0.06028        27       640    0.8004    0.6535    0.7484    0.4664   0.03729   0.01483         0
   133/299     4.65G   0.03931   0.02091         0   0.06022        23       640    0.7769     0.667    0.7459     0.464   0.03752     0.015         0
   134/299     4.65G   0.03933   0.02104         0   0.06037        24       640    0.7907    0.6551     0.747    0.4659   0.03748   0.01499         0
   135/299     4.65G   0.03939   0.02101         0    0.0604         4       640    0.7922    0.6546    0.7468    0.4643    0.0375     0.015         0
   136/299     4.65G   0.03926   0.02104         0    0.0603        20       640    0.7801    0.6627    0.7477    0.4651   0.03736   0.01492         0
   137/299     4.65G   0.03922   0.02092         0   0.06014        24       640    0.7925    0.6564    0.7455    0.4651   0.03733     0.015         0
   138/299     4.65G   0.03913   0.02089         0   0.06002        39       640    0.7693    0.6732    0.7474    0.4665    0.0374   0.01496         0
   139/299     4.65G   0.03921   0.02106         0   0.06026        24       640    0.7874    0.6585    0.7461    0.4676   0.03724   0.01483         0
   140/299     4.65G    0.0392   0.02098         0   0.06018         9       640    0.7941    0.6592    0.7468    0.4679   0.03735   0.01489         0
   141/299     4.65G   0.03915   0.02093         0   0.06008        19       640    0.7994    0.6495    0.7472    0.4672    0.0373   0.01491         0
   142/299     4.65G   0.03916   0.02082         0   0.05998        70       640    0.7849    0.6585    0.7465    0.4677   0.03718   0.01495         0
   143/299     4.65G   0.03912   0.02087         0   0.05999        21       640    0.7779    0.6621    0.7458    0.4671   0.03722   0.01488         0
   144/299     4.65G   0.03915   0.02085         0   0.05999        34       640     0.787    0.6563    0.7444    0.4665   0.03731   0.01491         0
   145/299     4.65G   0.03916   0.02074         0    0.0599        46       640    0.7742    0.6657    0.7436    0.4665   0.03727   0.01492         0
   146/299     4.65G   0.03913   0.02089         0   0.06002        33       640    0.7971    0.6537    0.7441    0.4671   0.03724   0.01488         0
   147/299     4.65G   0.03905   0.02087         0   0.05992        26       640    0.7689    0.6709    0.7439    0.4661   0.03739   0.01492         0
   148/299     4.65G   0.03905   0.02083         0   0.05987         9       640    0.7843    0.6579    0.7429    0.4653   0.03736   0.01493         0
   149/299     4.65G   0.03902   0.02078         0    0.0598         9       640    0.7834    0.6584    0.7437    0.4665   0.03719   0.01492         0
   150/299     4.65G   0.03905   0.02086         0   0.05991        52       640     0.775    0.6658    0.7453    0.4657   0.03731   0.01497         0
   151/299     4.65G   0.03907   0.02087         0   0.05993        39       640    0.7934    0.6521    0.7426    0.4642   0.03724   0.01502         0
   152/299     4.65G   0.03901   0.02072         0   0.05973         8       640     0.792    0.6516    0.7446     0.466   0.03733   0.01495         0
   153/299     4.65G   0.03901   0.02078         0   0.05979        23       640    0.7948    0.6496    0.7441    0.4663   0.03724   0.01486         0
   154/299     4.65G   0.03892   0.02079         0   0.05971        34       640    0.7795    0.6657    0.7469    0.4667   0.03727    0.0149         0
   155/299     4.65G   0.03897   0.02073         0   0.05969        25       640     0.793    0.6587    0.7493    0.4681   0.03721   0.01483         0
   156/299     4.65G   0.03889   0.02077         0   0.05966        40       640     0.779    0.6711    0.7508    0.4691   0.03707   0.01478         0
   157/299     4.65G   0.03889   0.02068         0   0.05957        23       640    0.7877    0.6654    0.7485    0.4679   0.03708    0.0149         0
   158/299     4.65G   0.03888   0.02057         0   0.05946        31       640    0.7684    0.6748    0.7483    0.4683   0.03714   0.01489         0
   159/299     4.65G   0.03884   0.02067         0    0.0595        36       640    0.7943    0.6493    0.7442    0.4673   0.03722   0.01498         0
   160/299     4.65G   0.03888   0.02084         0   0.05972        29       640    0.7875    0.6596    0.7472    0.4678   0.03716    0.0149         0
   161/299     4.65G   0.03885   0.02077         0   0.05962        41       640     0.808    0.6435     0.746     0.467   0.03725   0.01487         0
   162/299     4.65G   0.03875    0.0207         0   0.05945         9       640    0.7782    0.6626    0.7438    0.4628   0.03741    0.0149         0
   163/299     4.65G   0.03887   0.02079         0   0.05966        13       640    0.7856    0.6552    0.7422    0.4646   0.03727   0.01489         0
   164/299     4.65G   0.03877   0.02063         0   0.05939        24       640    0.7885    0.6563    0.7453    0.4669   0.03733    0.0148         0
   165/299     4.65G   0.03885   0.02083         0   0.05969        31       640    0.7819     0.656    0.7403    0.4639   0.03734   0.01487         0
   166/299     4.65G   0.03886   0.02065         0   0.05951        32       640    0.7721    0.6576    0.7387    0.4624    0.0374   0.01491         0
   167/299     4.65G   0.03883    0.0207         0   0.05953        24       640    0.7776    0.6583    0.7418    0.4642    0.0372   0.01485         0
   168/299     4.65G   0.03869   0.02069         0   0.05938        33       640    0.7997    0.6494    0.7455    0.4654   0.03724   0.01482         0
   169/299     4.65G   0.03874   0.02071         0   0.05946        32       640    0.7816    0.6651    0.7493    0.4697   0.03714   0.01474         0
   170/299     4.65G   0.03873    0.0206         0   0.05932        34       640     0.791    0.6517    0.7445    0.4649   0.03733   0.01491         0
   171/299     4.65G   0.03872   0.02059         0   0.05931        31       640     0.763      0.67    0.7439     0.465   0.03723    0.0149         0
   172/299     4.65G   0.03867   0.02056         0   0.05923        23       640     0.774    0.6697    0.7485    0.4688    0.0371   0.01483         0
   173/299     4.65G   0.03871   0.02073         0   0.05945        42       640      0.79    0.6586    0.7473     0.468   0.03713   0.01484         0
   174/299     4.65G   0.03859   0.02062         0   0.05921        18       640    0.7778    0.6697    0.7493     0.469   0.03711   0.01485         0
   175/299     4.65G   0.03867   0.02055         0   0.05922        20       640    0.7795    0.6659    0.7476    0.4678    0.0371   0.01494         0
   176/299     4.65G   0.03854   0.02055         0    0.0591        36       640    0.7988    0.6499    0.7454    0.4659   0.03719   0.01497         0
   177/299     4.65G   0.03848   0.02056         0   0.05904        10       640    0.7843    0.6569     0.744    0.4649   0.03738   0.01507         0
   178/299     4.65G   0.03845   0.02056         0   0.05901        36       640     0.769    0.6701    0.7472    0.4688   0.03713    0.0149         0
   179/299     4.65G   0.03855   0.02055         0    0.0591        37       640    0.7995    0.6521    0.7474    0.4687   0.03703    0.0149         0
   180/299     4.65G   0.03853    0.0206         0   0.05913        28       640    0.7831    0.6658    0.7474    0.4682   0.03713   0.01488         0
   181/299     4.65G   0.03853   0.02057         0    0.0591        27       640     0.781    0.6665    0.7487    0.4708   0.03711   0.01484         0
   182/299     4.65G   0.03844   0.02061         0   0.05904        26       640    0.7955    0.6537    0.7469    0.4675   0.03716    0.0149         0
   183/299     4.65G   0.03838   0.02041         0   0.05879        24       640    0.7795    0.6654    0.7471    0.4685   0.03712    0.0148         0
   184/299     4.65G   0.03846   0.02056         0   0.05902        31       640    0.7852    0.6603    0.7463    0.4675   0.03715   0.01485         0
   185/299     4.65G   0.03851   0.02064         0   0.05915        25       640    0.7774    0.6585    0.7432     0.468   0.03727    0.0149         0
   186/299     4.65G   0.03851    0.0205         0   0.05901        26       640    0.7909    0.6586    0.7492    0.4697   0.03713   0.01483         0
   187/299     4.65G   0.03838   0.02035         0   0.05873        39       640    0.7858    0.6668     0.752    0.4714   0.03702   0.01473         0
   188/299     4.65G   0.03841   0.02044         0   0.05885        57       640    0.7844    0.6688    0.7533    0.4744   0.03694   0.01468         0
   189/299     4.65G   0.03843   0.02049         0   0.05892        58       640    0.7815    0.6706    0.7519    0.4737   0.03689   0.01475         0
   190/299     4.65G   0.03833   0.02046         0   0.05878        42       640    0.7913    0.6617    0.7517    0.4757   0.03704   0.01477         0
   191/299     4.65G   0.03846   0.02055         0   0.05902        30       640    0.8072    0.6532     0.753     0.473   0.03693   0.01475         0
   192/299     4.65G   0.03832    0.0204         0   0.05872        20       640    0.8023     0.656    0.7516    0.4716   0.03702   0.01478         0
   193/299     4.65G   0.03824   0.02044         0   0.05868         9       640    0.7944    0.6648    0.7524    0.4744    0.0368   0.01467         0
   194/299     4.65G    0.0383   0.02052         0   0.05882        14       640    0.7935    0.6598    0.7512    0.4726   0.03692    0.0147         0
   195/299     4.65G   0.03832    0.0205         0   0.05882        18       640    0.7878    0.6666    0.7518    0.4724   0.03696   0.01472         0
   196/299     4.65G   0.03834   0.02047         0   0.05881        33       640    0.7817    0.6693    0.7515    0.4727   0.03686   0.01477         0
   197/299     4.65G   0.03835   0.02061         0   0.05895        13       640    0.7754    0.6751    0.7505    0.4724   0.03688   0.01483         0
   198/299     4.65G   0.03818   0.02038         0   0.05856        42       640    0.7734    0.6732    0.7513    0.4738   0.03689   0.01475         0
   199/299     4.65G   0.03836    0.0205         0   0.05886        23       640    0.8023    0.6542    0.7512    0.4763   0.03682   0.01474         0
   200/299     4.65G   0.03829   0.02044         0   0.05872        48       640    0.7784    0.6713    0.7519     0.475   0.03694   0.01471         0
   201/299     4.65G   0.03825   0.02044         0   0.05869        35       640    0.7917    0.6641    0.7509    0.4729   0.03685   0.01473         0
   202/299     4.65G   0.03822   0.02041         0   0.05863        27       640    0.7911     0.658    0.7496    0.4727   0.03693   0.01477         0
   203/299     4.65G    0.0382   0.02044         0   0.05864        51       640     0.783    0.6628    0.7484    0.4711   0.03708   0.01478         0
   204/299     4.65G    0.0382   0.02035         0   0.05856        18       640    0.7897    0.6612    0.7518    0.4746   0.03694   0.01471         0
   205/299     4.65G   0.03806   0.02038         0   0.05844        49       640    0.8055    0.6522    0.7493    0.4725   0.03701    0.0148         0
   206/299     4.65G   0.03809   0.02032         0    0.0584        14       640    0.8003    0.6591    0.7518    0.4745   0.03697   0.01473         0
   207/299     4.65G   0.03815   0.02035         0    0.0585        37       640    0.8002    0.6554    0.7527    0.4746   0.03696   0.01471         0
   208/299     4.65G   0.03805   0.02034         0   0.05839        24       640    0.7982    0.6583    0.7538    0.4749   0.03692   0.01465         0
   209/299     4.65G   0.03811   0.02038         0   0.05849        50       640    0.8034    0.6564    0.7509    0.4731     0.037   0.01474         0
   210/299     4.65G   0.03801   0.02028         0   0.05828        32       640     0.793    0.6615    0.7511    0.4736   0.03687    0.0147         0
   211/299     4.65G   0.03806   0.02031         0   0.05837        12       640     0.806    0.6539    0.7536    0.4736   0.03702   0.01469         0
   212/299     4.65G   0.03804   0.02023         0   0.05828        26       640    0.7986    0.6589    0.7525    0.4731   0.03693   0.01471         0
   213/299     4.65G   0.03801   0.02033         0   0.05833        22       640    0.7775    0.6725    0.7503    0.4735   0.03697   0.01469         0
   214/299     4.65G   0.03794   0.02037         0   0.05832        13       640    0.7755    0.6717    0.7505    0.4738   0.03703   0.01471         0
   215/299     4.65G   0.03806   0.02038         0   0.05844        43       640    0.7934    0.6613    0.7527     0.474   0.03678   0.01472         0
   216/299     4.65G   0.03794   0.02024         0   0.05817        20       640    0.7889    0.6668    0.7523    0.4762   0.03683   0.01471         0
   217/299     4.65G   0.03799   0.02028         0   0.05827        32       640    0.7987    0.6559    0.7502    0.4748   0.03682   0.01471         0
   218/299     4.65G   0.03788   0.02024         0   0.05811        27       640    0.7909     0.661    0.7479    0.4747   0.03687   0.01473         0
   219/299     4.65G   0.03794   0.02011         0   0.05805        24       640    0.7977    0.6592    0.7528    0.4765   0.03679   0.01466         0
   220/299     4.65G   0.03791    0.0203         0   0.05821         9       640    0.7803    0.6762    0.7527    0.4773   0.03675   0.01465         0
   221/299     4.65G   0.03796   0.02021         0   0.05816        20       640     0.809    0.6552    0.7525    0.4755   0.03686   0.01473         0
   222/299     4.65G   0.03785   0.02026         0   0.05811        15       640    0.8012    0.6565    0.7537    0.4782   0.03681   0.01463         0
   223/299     4.65G   0.03797   0.02029         0   0.05826        23       640    0.7921    0.6622    0.7516    0.4735   0.03692   0.01468         0
   224/299     4.65G   0.03785   0.02018         0   0.05803        19       640    0.7939    0.6682    0.7549    0.4779   0.03682   0.01463         0
   225/299     4.65G   0.03778   0.02016         0   0.05793        20       640    0.7988    0.6627    0.7544     0.478    0.0368   0.01471         0
   226/299     4.65G   0.03788   0.02022         0    0.0581        40       640    0.7862    0.6686    0.7546    0.4753   0.03673   0.01482         0
   227/299     4.65G   0.03776   0.02015         0   0.05791        16       640     0.793    0.6676    0.7534    0.4769   0.03668   0.01492         0
   228/299     4.65G   0.03787   0.02027         0   0.05814        21       640    0.8011    0.6612    0.7546    0.4762   0.03676   0.01484         0
   229/299     4.65G   0.03777   0.02019         0   0.05796        42       640    0.7948    0.6649    0.7544    0.4751   0.03688    0.0148         0
   230/299     4.65G   0.03785   0.02017         0   0.05801        69       640    0.7881    0.6689    0.7535    0.4746   0.03679   0.01478         0
   231/299     4.65G   0.03771   0.02025         0   0.05796        25       640    0.8032    0.6574    0.7533    0.4743   0.03677   0.01481         0
   232/299     4.65G   0.03783   0.02014         0   0.05797        45       640     0.797    0.6631    0.7527     0.476   0.03685   0.01474         0
   233/299     4.65G   0.03779   0.02025         0   0.05804        21       640    0.7922    0.6597    0.7486    0.4736   0.03678   0.01477         0
   234/299     4.65G    0.0378   0.02024         0   0.05805        24       640    0.7844    0.6676    0.7517    0.4754   0.03688   0.01472         0
   235/299     4.65G   0.03774   0.02019         0   0.05793        23       640    0.7895    0.6657    0.7528    0.4758   0.03687   0.01466         0
   236/299     4.65G   0.03779    0.0201         0   0.05789        16       640    0.8015    0.6567    0.7536    0.4775    0.0367   0.01464         0
   237/299     4.65G   0.03766   0.02015         0   0.05781        13       640    0.8052    0.6613    0.7555    0.4784   0.03668   0.01463         0
   238/299     4.65G   0.03764   0.02014         0   0.05779        53       640    0.7991    0.6595    0.7522    0.4769   0.03675   0.01466         0
   239/299     4.65G   0.03774   0.02018         0   0.05792        24       640     0.793    0.6626    0.7511    0.4752   0.03673   0.01473         0
   240/299     4.65G   0.03755   0.02011         0   0.05766        35       640    0.7884    0.6668    0.7525    0.4766   0.03686   0.01465         0
   241/299     4.65G   0.03775   0.02014         0    0.0579        14       640    0.7783     0.678    0.7556    0.4782   0.03672   0.01467         0
   242/299     4.65G   0.03765   0.02017         0   0.05782        28       640    0.7666    0.6843     0.756     0.479   0.03672   0.01465         0
   243/299     4.65G   0.03765   0.02013         0   0.05778        25       640    0.7884    0.6678    0.7528    0.4766   0.03671   0.01474         0
   244/299     4.65G   0.03766   0.02011         0   0.05777        25       640    0.7989    0.6581     0.752    0.4765   0.03672   0.01472         0
   245/299     4.65G   0.03768   0.02022         0    0.0579        30       640    0.7592    0.6877    0.7538    0.4768   0.03669    0.0147         0
   246/299     4.65G   0.03769   0.02017         0   0.05787        26       640    0.7932    0.6681    0.7557    0.4777   0.03659   0.01467         0
   247/299     4.65G   0.03754   0.01995         0   0.05749        11       640    0.7837     0.672    0.7538    0.4783   0.03673   0.01471         0
   248/299     4.65G   0.03751   0.02006         0   0.05757        26       640    0.7947    0.6667    0.7547    0.4796   0.03668   0.01464         0
   249/299     4.65G   0.03745   0.02009         0   0.05753        45       640    0.7931    0.6684    0.7564    0.4818   0.03661   0.01464         0
   250/299     4.65G   0.03756    0.0201         0   0.05766        22       640    0.7875    0.6754    0.7564    0.4807   0.03663   0.01461         0
   251/299     4.65G   0.03749   0.01992         0    0.0574        15       640    0.8002     0.664    0.7554    0.4782   0.03669   0.01463         0
   252/299     4.65G   0.03763    0.0201         0   0.05773        22       640    0.7999    0.6689     0.759    0.4807   0.03659   0.01459         0
   253/299     4.65G   0.03745   0.02001         0   0.05746        55       640    0.7753    0.6788     0.756    0.4796   0.03655   0.01461         0
   254/299     4.65G   0.03757   0.02002         0   0.05759        32       640    0.7903     0.672    0.7569    0.4796   0.03673   0.01467         0
   255/299     4.65G   0.03765    0.0201         0   0.05775        18       640    0.8233    0.6488    0.7585    0.4801   0.03657   0.01467         0
   256/299     4.65G   0.03752   0.01995         0   0.05747        29       640    0.8045    0.6596    0.7542    0.4793   0.03667   0.01464         0
   257/299     4.65G   0.03759   0.02003         0   0.05762        27       640    0.7959    0.6691    0.7573     0.478   0.03666   0.01468         0
   258/299     4.65G   0.03756   0.02008         0   0.05764        18       640    0.8069    0.6607    0.7584    0.4796   0.03654   0.01465         0
   259/299     4.65G   0.03746   0.02012         0   0.05758        15       640    0.7727    0.6816    0.7546    0.4784   0.03667    0.0147         0
   260/299     4.65G   0.03756   0.02005         0   0.05761        18       640    0.8084    0.6522    0.7531    0.4773   0.03672   0.01468         0
   261/299     4.65G   0.03748   0.02007         0   0.05755        43       640    0.8033    0.6554    0.7534    0.4774   0.03678    0.0147         0
   262/299     4.65G   0.03749   0.01998         0   0.05747         7       640    0.8012     0.656    0.7534    0.4771   0.03668   0.01466         0
   263/299     4.65G   0.03741   0.01998         0   0.05739        17       640    0.7826    0.6735    0.7548    0.4795   0.03666   0.01464         0
   264/299     4.65G   0.03736   0.01998         0   0.05734        23       640    0.7943    0.6619    0.7537    0.4782   0.03664   0.01465         0
   265/299     4.65G    0.0374   0.01998         0   0.05738        36       640    0.7958    0.6647    0.7556    0.4796   0.03664    0.0146         0
   266/299     4.65G    0.0374   0.02002         0   0.05742        32       640    0.8031    0.6641    0.7551    0.4802   0.03654   0.01464         0
   267/299     4.65G   0.03741   0.01995         0   0.05736        17       640    0.7991    0.6604    0.7539     0.478   0.03669   0.01466         0
   268/299     4.65G   0.03736   0.02005         0   0.05742        26       640    0.8006    0.6599    0.7556    0.4781   0.03672   0.01461         0
   269/299     4.65G   0.03741      0.02         0   0.05741        21       640    0.7976    0.6638    0.7564    0.4787   0.03669   0.01465         0
   270/299     4.65G   0.03731   0.01988         0   0.05718        16       640    0.7967    0.6667     0.755    0.4763   0.03685   0.01466         0
   271/299     4.65G   0.03734   0.02008         0   0.05742        23       640    0.7807    0.6773    0.7561    0.4794   0.03667   0.01464         0
   272/299     4.65G   0.03743   0.01993         0   0.05736        22       640    0.7789    0.6796    0.7572    0.4803   0.03667   0.01463         0
   273/299     4.65G   0.03742   0.01997         0    0.0574        24       640      0.79    0.6701    0.7557    0.4802   0.03666   0.01462         0
   274/299     4.65G   0.03736   0.01999         0   0.05735        20       640     0.798    0.6585    0.7544    0.4813    0.0365   0.01462         0
   275/299     4.65G   0.03738   0.01996         0   0.05734        74       640    0.7818    0.6728    0.7532     0.479   0.03655   0.01468         0
   276/299     4.65G   0.03736   0.01992         0   0.05728        28       640    0.7826     0.672    0.7549     0.479    0.0366   0.01464         0
   277/299     4.65G   0.03736      0.02         0   0.05737        21       640    0.7868    0.6732    0.7531    0.4777   0.03664   0.01468         0
   278/299     4.65G   0.03731   0.02003         0   0.05734        20       640    0.7953     0.667    0.7572    0.4795   0.03647   0.01463         0
   279/299     4.65G   0.03733   0.01993         0   0.05726        29       640    0.8057    0.6633    0.7568    0.4811   0.03645   0.01463         0
   280/299     4.65G   0.03734   0.01976         0    0.0571        19       640    0.8156     0.657    0.7563    0.4801   0.03653   0.01467         0
   281/299     4.65G   0.03725   0.01992         0   0.05718         9       640    0.8098    0.6555    0.7535    0.4786   0.03663   0.01466         0
   282/299     4.65G   0.03737   0.01998         0   0.05736        52       640    0.7941    0.6622    0.7531    0.4793    0.0366   0.01472         0
   283/299     4.65G   0.03725   0.01994         0   0.05718        51       640    0.8124    0.6606    0.7584     0.481   0.03654   0.01463         0
   284/299     4.65G   0.03722   0.01986         0   0.05708        50       640    0.8024    0.6601    0.7552    0.4793   0.03663   0.01466         0
   285/299     4.65G   0.03733   0.01986         0   0.05718        14       640    0.8084    0.6565    0.7565    0.4809   0.03659   0.01461         0
   286/299     4.65G    0.0372   0.01992         0   0.05711        22       640    0.8102    0.6531    0.7543    0.4807   0.03669   0.01463         0
   287/299     4.65G   0.03731   0.02004         0   0.05735        11       640    0.7795     0.676    0.7557    0.4809   0.03646   0.01462         0
   288/299     4.65G   0.03724   0.01986         0    0.0571        36       640    0.8034    0.6605    0.7557    0.4791   0.03661   0.01468         0
   289/299     4.65G   0.03734   0.01985         0    0.0572        41       640    0.7905    0.6691    0.7562    0.4783   0.03662   0.01469         0
   290/299     4.65G   0.03724   0.01986         0    0.0571        27       640    0.8042    0.6575    0.7557    0.4797   0.03649   0.01466         0
   291/299     4.65G   0.03726   0.01992         0   0.05718        21       640    0.8001    0.6627    0.7549     0.478    0.0366   0.01465         0
   292/299     4.65G    0.0372   0.01992         0   0.05712        28       640    0.7971    0.6653    0.7568    0.4807   0.03668   0.01461         0
   293/299     4.65G   0.03727   0.01996         0   0.05723        24       640    0.7835    0.6755    0.7571    0.4789   0.03655   0.01464         0
   294/299     4.65G    0.0372   0.01988         0   0.05708        16       640    0.7978    0.6639     0.755     0.478   0.03669   0.01466         0
   295/299     4.65G   0.03716    0.0198         0   0.05696        32       640    0.7982    0.6639    0.7541    0.4773   0.03672   0.01469         0
   296/299     4.65G   0.03721   0.01989         0    0.0571        32       640    0.7885    0.6711    0.7555    0.4781   0.03666   0.01468         0
   297/299     4.65G   0.03719   0.01981         0     0.057        36       640    0.7954    0.6655    0.7555    0.4781    0.0367   0.01464         0
   298/299     4.65G   0.03716   0.01982         0   0.05698        22       640    0.7857    0.6773    0.7565    0.4797   0.03668   0.01462         0
   299/299     4.65G   0.03723   0.01979         0   0.05702        48       640    0.7754    0.6778    0.7554    0.4777   0.03664   0.01465         0
